11:17:30:998->>>>-发送-68 0F 00 C3 01 00 00 00 00 00 F0 20 03 D7 16 
11:17:33:092-<<<<-接收-68 17 00 C3 00 00 00 00 00 0B F0 04 03 01 17 00 00 00 00 00 07 E4 16 
11:17:34:629->>>>-发送-68 10 00 C3 01 00 00 00 00 01 F0 80 03 07 3F 16 
11:17:34:706-<<<<-接收-68 15 00 83 00 00 00 00 06 01 00 01 00 00 00 00 00 00 00 8B 16 
11:17:49:839->>>>-发送-68 2C 00 C3 05 00 00 00 00 02 01 BE BE BE BE BE 17 00 00 00 00 00 F0 80 00 0F 00 68 0F 00 43 01 00 00 00 00 00 10 01 00 55 16 4E 16 
11:17:50:190-<<<<-接收-68 30 00 83 04 00 00 00 00 02 17 00 00 00 00 00 01 BE BE BE BE BE F0 80 00 13 00 68 13 00 83 00 00 00 00 00 00 10 01 00 1A 00 F8 07 AD 16 C5 16 
11:17:50:201->>>>-发送-68 2F 00 C3 05 00 00 00 00 03 01 BE BE BE BE BE 17 00 00 00 00 00 F0 80 00 12 00 68 12 00 43 01 00 00 00 00 00 F0 80 03 01 00 01 B9 16 1D 16 
11:17:51:323-<<<<-接收-68 2D 00 83 04 00 00 00 00 03 17 00 00 00 00 00 01 BE BE BE BE BE F0 80 00 10 00 68 10 00 83 F8 F0 00 00 00 00 00 02 00 0C 79 16 58 16 
11:17:51:339->>>>-发送-68 2F 00 C3 05 00 00 00 00 04 01 BE BE BE BE BE 17 00 00 00 00 00 F0 80 00 12 00 68 12 00 43 01 00 00 00 00 00 F0 80 03 02 00 01 BA 16 20 16 
11:17:52:127-<<<<-接收-68 7A 00 83 04 00 00 00 00 04 17 00 00 00 00 00 01 BE BE BE BE BE F0 80 00 5D 00 68 5D 00 83 00 00 00 00 00 00 F0 80 03 00 00 00 00 00 00 00 00 00 00 00 00 31 00 00 00 00 00 00 00 1F 00 00 00 50 00 00 00 0E 00 00 00 11 00 55 00 00 00 09 00 00 00 52 00 00 00 41 00 00 00 43 00 00 00 55 00 00 00 0F 00 00 00 2F 00 00 00 16 00 00 00 0F 00 00 00 16 00 00 00 B7 16 6F 16 
11:17:52:321->>>>-发送-68 2F 00 C3 05 00 00 00 00 05 01 BE BE BE BE BE 17 00 00 00 00 00 F0 80 00 12 00 68 12 00 43 01 00 00 00 00 00 F0 80 03 03 00 01 BB 16 23 16 
11:17:52:994-<<<<-接收-68 7A 00 83 04 00 00 00 00 05 17 00 00 00 00 00 01 BE BE BE BE BE F0 80 00 5D 00 68 5D 00 83 00 00 00 00 00 00 F0 80 03 00 00 00 00 00 00 00 00 00 00 00 00 42 00 00 00 00 00 00 00 28 00 00 00 75 00 00 00 0E 00 00 00 34 00 82 00 00 00 07 00 00 00 1C 00 00 00 15 00 00 00 69 00 00 00 2A 00 00 00 4A 00 00 00 0B 00 00 00 34 00 00 00 82 00 00 00 53 00 00 00 C2 16 86 16 
11:17:53:151->>>>-发送-68 2F 00 C3 05 00 00 00 00 06 01 BE BE BE BE BE 17 00 00 00 00 00 F0 80 00 12 00 68 12 00 43 01 00 00 00 00 00 F0 80 03 04 00 01 BC 16 26 16 
11:17:53:932-<<<<-接收-68 7A 00 83 04 00 00 00 00 06 17 00 00 00 00 00 01 BE BE BE BE BE F0 80 00 5D 00 68 5D 00 83 00 00 00 00 00 00 F0 80 03 00 00 00 00 00 00 00 00 00 00 00 00 43 00 00 00 00 00 00 00 2E 00 00 00 61 00 00 00 0F 00 00 00 0D 00 63 00 00 00 09 00 00 00 0D 00 00 00 0A 00 00 00 5D 00 00 00 63 00 00 00 62 00 00 00 0B 00 00 00 1A 00 00 00 35 00 00 00 21 00 00 00 04 16 0B 16 
11:18:53:230->>>>-发送-68 0F 00 C3 01 00 00 00 00 00 F0 20 03 D7 16 
11:18:55:360-<<<<-接收-68 17 00 C3 00 00 00 00 00 0D F0 04 03 01 17 00 00 00 00 00 07 E6 16 
11:18:56:621->>>>-发送-68 10 00 C3 01 00 00 00 00 01 F0 80 03 07 3F 16 
11:18:56:697-<<<<-接收-68 15 00 83 00 00 00 00 06 01 00 01 00 00 00 00 00 00 00 8B 16 
11:19:06:059->>>>-发送-68 2C 00 C3 05 00 00 00 00 02 01 BE BE BE BE BE 17 00 00 00 00 00 F0 80 00 0F 00 68 0F 00 43 01 00 00 00 00 00 10 01 00 55 16 4E 16 
11:19:06:326-<<<<-接收-68 30 00 83 04 00 00 00 00 02 17 00 00 00 00 00 01 BE BE BE BE BE F0 80 00 13 00 68 13 00 83 00 00 00 00 00 00 10 01 00 1A 00 F8 07 AD 16 C5 16 
11:19:06:350->>>>-发送-68 2F 00 C3 05 00 00 00 00 03 01 BE BE BE BE BE 17 00 00 00 00 00 F0 80 00 12 00 68 12 00 43 01 00 00 00 00 00 F0 80 03 01 00 01 B9 16 1D 16 
11:19:06:672-<<<<-接收-68 2D 00 83 04 00 00 00 00 03 17 00 00 00 00 00 01 BE BE BE BE BE F0 80 00 10 00 68 10 00 83 F8 F0 00 00 00 00 00 02 00 0C 79 16 58 16 
11:19:06:710->>>>-发送-68 2F 00 C3 05 00 00 00 00 04 01 BE BE BE BE BE 17 00 00 00 00 00 F0 80 00 12 00 68 12 00 43 01 00 00 00 00 00 F0 80 03 02 00 01 BA 16 20 16 
11:19:07:415-<<<<-接收-68 7A 00 83 04 00 00 00 00 04 17 00 00 00 00 00 01 BE BE BE BE BE F0 80 00 5D 00 68 5D 00 83 00 00 00 00 00 00 F0 80 03 00 00 00 00 00 00 00 00 00 00 00 00 31 00 00 00 00 00 00 00 1F 00 00 00 50 00 00 00 0E 00 00 00 11 00 55 00 00 00 09 00 00 00 52 00 00 00 41 00 00 00 43 00 00 00 55 00 00 00 0F 00 00 00 2F 00 00 00 16 00 00 00 0F 00 00 00 16 00 00 00 B7 16 6F 16 
11:19:07:629->>>>-发送-68 2F 00 C3 05 00 00 00 00 05 01 BE BE BE BE BE 17 00 00 00 00 00 F0 80 00 12 00 68 12 00 43 01 00 00 00 00 00 F0 80 03 03 00 01 BB 16 23 16 
11:19:08:383-<<<<-接收-68 7A 00 83 04 00 00 00 00 05 17 00 00 00 00 00 01 BE BE BE BE BE F0 80 00 5D 00 68 5D 00 83 00 00 00 00 00 00 F0 80 03 00 00 00 00 00 00 00 00 00 00 00 00 42 00 00 00 00 00 00 00 28 00 00 00 75 00 00 00 0E 00 00 00 34 00 82 00 00 00 07 00 00 00 1C 00 00 00 15 00 00 00 69 00 00 00 2A 00 00 00 4A 00 00 00 0B 00 00 00 34 00 00 00 82 00 00 00 53 00 00 00 C2 16 86 16 
11:19:08:536->>>>-发送-68 2F 00 C3 05 00 00 00 00 06 01 BE BE BE BE BE 17 00 00 00 00 00 F0 80 00 12 00 68 12 00 43 01 00 00 00 00 00 F0 80 03 04 00 01 BC 16 26 16 
11:19:09:282-<<<<-接收-68 7A 00 83 04 00 00 00 00 06 17 00 00 00 00 00 01 BE BE BE BE BE F0 80 00 5D 00 68 5D 00 83 00 00 00 00 00 00 F0 80 03 00 00 00 00 00 00 00 00 00 00 00 00 43 00 00 00 00 00 00 00 2E 00 00 00 61 00 00 00 0F 00 00 00 0D 00 63 00 00 00 09 00 00 00 0D 00 00 00 0A 00 00 00 5D 00 00 00 63 00 00 00 62 00 00 00 0B 00 00 00 1A 00 00 00 35 00 00 00 21 00 00 00 04 16 0B 16 
11:19:47:469->>>>-发送-68 0F 00 C3 01 00 00 00 00 00 F0 20 03 D7 16 
11:19:49:598-<<<<-接收-68 17 00 C3 00 00 00 00 00 0F F0 04 03 01 17 00 00 00 00 00 07 E8 16 
11:19:50:989->>>>-发送-68 10 00 C3 01 00 00 00 00 01 F0 80 03 07 3F 16 
11:19:51:086-<<<<-接收-68 15 00 83 00 00 00 00 06 01 00 01 00 00 00 00 00 00 00 8B 16 
11:20:03:366->>>>-发送-68 2C 00 C3 05 00 00 00 00 02 01 BE BE BE BE BE 17 00 00 00 00 00 F0 80 00 0F 00 68 0F 00 43 01 00 00 00 00 00 10 01 00 55 16 4E 16 
11:20:03:677-<<<<-接收-68 30 00 83 04 00 00 00 00 02 17 00 00 00 00 00 01 BE BE BE BE BE F0 80 00 13 00 68 13 00 83 00 00 00 00 00 00 10 01 00 1A 00 F8 07 AD 16 C5 16 
11:20:03:694->>>>-发送-68 2F 00 C3 05 00 00 00 00 03 01 BE BE BE BE BE 17 00 00 00 00 00 F0 80 00 12 00 68 12 00 43 01 00 00 00 00 00 F0 80 03 01 00 01 B9 16 1D 16 
11:20:04:023-<<<<-接收-68 2D 00 83 04 00 00 00 00 03 17 00 00 00 00 00 01 BE BE BE BE BE F0 80 00 10 00 68 10 00 83 F8 F0 00 00 00 00 00 02 00 0C 79 16 58 16 
11:20:04:032->>>>-发送-68 2F 00 C3 05 00 00 00 00 04 01 BE BE BE BE BE 17 00 00 00 00 00 F0 80 00 12 00 68 12 00 43 01 00 00 00 00 00 F0 80 03 02 00 01 BA 16 20 16 
11:20:04:764-<<<<-接收-68 7A 00 83 04 00 00 00 00 04 17 00 00 00 00 00 01 BE BE BE BE BE F0 80 00 5D 00 68 5D 00 83 00 00 00 00 00 00 F0 80 03 00 00 00 00 00 00 00 00 00 00 00 00 31 00 00 00 00 00 00 00 1F 00 00 00 50 00 00 00 0E 00 00 00 11 00 55 00 00 00 09 00 00 00 52 00 00 00 41 00 00 00 43 00 00 00 55 00 00 00 0F 00 00 00 2F 00 00 00 16 00 00 00 0F 00 00 00 16 00 00 00 B7 16 6F 16 
11:20:04:984->>>>-发送-68 2F 00 C3 05 00 00 00 00 05 01 BE BE BE BE BE 17 00 00 00 00 00 F0 80 00 12 00 68 12 00 43 01 00 00 00 00 00 F0 80 03 03 00 01 BB 16 23 16 
11:20:05:748-<<<<-接收-68 7A 00 83 04 00 00 00 00 05 17 00 00 00 00 00 01 BE BE BE BE BE F0 80 00 5D 00 68 5D 00 83 00 00 00 00 00 00 F0 80 03 00 00 00 00 00 00 00 00 00 00 00 00 42 00 00 00 00 00 00 00 28 00 00 00 75 00 00 00 0E 00 00 00 34 00 82 00 00 00 07 00 00 00 1C 00 00 00 15 00 00 00 69 00 00 00 2A 00 00 00 4A 00 00 00 0B 00 00 00 34 00 00 00 82 00 00 00 53 00 00 00 C2 16 86 16 
11:20:53:559->>>>-发送-68 0F 00 C3 01 00 00 00 00 00 F0 20 03 D7 16 
11:20:55:663-<<<<-接收-68 17 00 C3 00 00 00 00 00 11 F0 04 03 01 17 00 00 00 00 00 07 EA 16 
11:20:56:781->>>>-发送-68 10 00 C3 01 00 00 00 00 01 F0 80 03 07 3F 16 
11:20:56:858-<<<<-接收-68 15 00 83 00 00 00 00 06 01 00 01 00 00 00 00 00 00 00 8B 16 
11:21:07:504->>>>-发送-68 2C 00 C3 05 00 00 00 00 02 01 BE BE BE BE BE 17 00 00 00 00 00 F0 80 00 0F 00 68 0F 00 43 01 00 00 00 00 00 10 01 00 55 16 4E 16 
11:21:07:763-<<<<-接收-68 30 00 83 04 00 00 00 00 02 17 00 00 00 00 00 01 BE BE BE BE BE F0 80 00 13 00 68 13 00 83 00 00 00 00 00 00 10 01 00 1A 00 F8 07 AD 16 C5 16 
11:21:07:776->>>>-发送-68 2F 00 C3 05 00 00 00 00 03 01 BE BE BE BE BE 17 00 00 00 00 00 F0 80 00 12 00 68 12 00 43 01 00 00 00 00 00 F0 80 03 01 00 01 B9 16 1D 16 
11:21:08:084-<<<<-接收-68 2D 00 83 04 00 00 00 00 03 17 00 00 00 00 00 01 BE BE BE BE BE F0 80 00 10 00 68 10 00 83 F8 F0 00 00 00 00 00 02 00 0C 79 16 58 16 
11:21:08:095->>>>-发送-68 2F 00 C3 05 00 00 00 00 04 01 BE BE BE BE BE 17 00 00 00 00 00 F0 80 00 12 00 68 12 00 43 01 00 00 00 00 00 F0 80 03 02 00 01 BA 16 20 16 
11:21:08:857-<<<<-接收-68 7A 00 83 04 00 00 00 00 04 17 00 00 00 00 00 01 BE BE BE BE BE F0 80 00 5D 00 68 5D 00 83 00 00 00 00 00 00 F0 80 03 00 00 00 00 00 00 00 00 00 00 00 00 31 00 00 00 00 00 00 00 1F 00 00 00 50 00 00 00 0E 00 00 00 11 00 55 00 00 00 09 00 00 00 52 00 00 00 41 00 00 00 43 00 00 00 55 00 00 00 0F 00 00 00 2F 00 00 00 16 00 00 00 0F 00 00 00 16 00 00 00 B7 16 6F 16 
11:21:09:111->>>>-发送-68 2F 00 C3 05 00 00 00 00 05 01 BE BE BE BE BE 17 00 00 00 00 00 F0 80 00 12 00 68 12 00 43 01 00 00 00 00 00 F0 80 03 03 00 01 BB 16 23 16 
11:21:09:839-<<<<-接收-68 7A 00 83 04 00 00 00 00 05 17 00 00 00 00 00 01 BE BE BE BE BE F0 80 00 5D 00 68 5D 00 83 00 00 00 00 00 00 F0 80 03 00 00 00 00 00 00 00 00 00 00 00 00 42 00 00 00 00 00 00 00 28 00 00 00 75 00 00 00 0E 00 00 00 34 00 82 00 00 00 07 00 00 00 1C 00 00 00 15 00 00 00 69 00 00 00 2A 00 00 00 4A 00 00 00 0B 00 00 00 34 00 00 00 82 00 00 00 53 00 00 00 C2 16 86 16 
11:22:17:158->>>>-发送-68 0F 00 C3 01 00 00 00 00 00 F0 20 03 D7 16 
11:22:19:244-<<<<-接收-68 17 00 C3 00 00 00 00 00 13 F0 04 03 01 17 00 00 00 00 00 07 EC 16 
11:22:20:757->>>>-发送-68 10 00 C3 01 00 00 00 00 01 F0 80 03 07 3F 16 
11:22:20:834-<<<<-接收-68 15 00 83 00 00 00 00 06 01 00 01 00 00 00 00 00 00 00 8B 16 
11:22:28:593->>>>-发送-68 2C 00 C3 05 00 00 00 00 02 01 BE BE BE BE BE 17 00 00 00 00 00 F0 80 00 0F 00 68 0F 00 43 01 00 00 00 00 00 10 01 00 55 16 4E 16 
11:22:28:953-<<<<-接收-68 30 00 83 04 00 00 00 00 02 17 00 00 00 00 00 01 BE BE BE BE BE F0 80 00 13 00 68 13 00 83 00 00 00 00 00 00 10 01 00 1A 00 F8 07 AD 16 C5 16 
11:22:28:959->>>>-发送-68 2F 00 C3 05 00 00 00 00 03 01 BE BE BE BE BE 17 00 00 00 00 00 F0 80 00 12 00 68 12 00 43 01 00 00 00 00 00 F0 80 03 01 00 01 B9 16 1D 16 
11:22:29:295-<<<<-接收-68 2D 00 83 04 00 00 00 00 03 17 00 00 00 00 00 01 BE BE BE BE BE F0 80 00 10 00 68 10 00 83 F8 F0 00 00 00 00 00 02 00 0C 79 16 58 16 
11:22:29:303->>>>-发送-68 2F 00 C3 05 00 00 00 00 04 01 BE BE BE BE BE 17 00 00 00 00 00 F0 80 00 12 00 68 12 00 43 01 00 00 00 00 00 F0 80 03 02 00 01 BA 16 20 16 
11:22:30:074-<<<<-接收-68 7A 00 83 04 00 00 00 00 04 17 00 00 00 00 00 01 BE BE BE BE BE F0 80 00 5D 00 68 5D 00 83 00 00 00 00 00 00 F0 80 03 00 00 00 00 00 00 00 00 00 00 00 00 31 00 00 00 00 00 00 00 1F 00 00 00 50 00 00 00 0E 00 00 00 11 00 55 00 00 00 09 00 00 00 52 00 00 00 41 00 00 00 43 00 00 00 55 00 00 00 0F 00 00 00 2F 00 00 00 16 00 00 00 0F 00 00 00 16 00 00 00 B7 16 6F 16 
11:22:30:296->>>>-发送-68 2F 00 C3 05 00 00 00 00 05 01 BE BE BE BE BE 17 00 00 00 00 00 F0 80 00 12 00 68 12 00 43 01 00 00 00 00 00 F0 80 03 03 00 01 BB 16 23 16 
11:22:31:058-<<<<-接收-68 7A 00 83 04 00 00 00 00 05 17 00 00 00 00 00 01 BE BE BE BE BE F0 80 00 5D 00 68 5D 00 83 00 00 00 00 00 00 F0 80 03 00 00 00 00 00 00 00 00 00 00 00 00 42 00 00 00 00 00 00 00 28 00 00 00 75 00 00 00 0E 00 00 00 34 00 82 00 00 00 07 00 00 00 1C 00 00 00 15 00 00 00 69 00 00 00 2A 00 00 00 4A 00 00 00 0B 00 00 00 34 00 00 00 82 00 00 00 53 00 00 00 C2 16 86 16 
11:26:11:608->>>>-发送-68 0F 00 43 01 00 00 00 00 00 10 01 00 55 16 
11:26:11:715-<<<<-接收-68 10 00 83 00 00 00 00 00 00 00 02 00 04 89 16 
11:26:16:342->>>>-发送-68 0F 00 C3 01 00 00 00 00 00 F0 20 03 D7 16 
11:26:18:462-<<<<-接收-68 17 00 C3 00 00 00 00 00 16 F0 04 03 01 17 00 00 00 00 00 07 EF 16 
11:26:20:101->>>>-发送-68 10 00 C3 01 00 00 00 00 01 F0 80 03 07 3F 16 
11:26:20:179-<<<<-接收-68 15 00 83 00 00 00 00 06 01 00 01 00 00 00 00 00 00 00 8B 16 
11:26:28:050->>>>-发送-68 2C 00 C3 05 00 00 00 00 02 01 BE BE BE BE BE 17 00 00 00 00 00 F0 80 00 0F 00 68 0F 00 43 01 00 00 00 00 00 10 01 00 55 16 4E 16 
11:26:28:332-<<<<-接收-68 30 00 83 04 00 00 00 00 02 17 00 00 00 00 00 01 BE BE BE BE BE F0 80 00 13 00 68 13 00 83 00 00 00 00 00 00 10 01 00 1A 00 F8 07 AD 16 C5 16 
11:26:28:348->>>>-发送-68 2F 00 C3 05 00 00 00 00 03 01 BE BE BE BE BE 17 00 00 00 00 00 F0 80 00 12 00 68 12 00 43 01 00 00 00 00 00 F0 80 03 01 00 01 B9 16 1D 16 
11:26:28:759-<<<<-接收-68 2D 00 83 04 00 00 00 00 03 17 00 00 00 00 00 01 BE BE BE BE BE F0 80 00 10 00 68 10 00 83 F8 F0 00 00 00 00 00 02 00 0C 79 16 58 16 
11:26:28:771->>>>-发送-68 2F 00 C3 05 00 00 00 00 04 01 BE BE BE BE BE 17 00 00 00 00 00 F0 80 00 12 00 68 12 00 43 01 00 00 00 00 00 F0 80 03 02 00 01 BA 16 20 16 
11:26:29:642-<<<<-接收-68 7A 00 83 04 00 00 00 00 04 17 00 00 00 00 00 01 BE BE BE BE BE F0 80 00 5D 00 68 5D 00 83 00 00 00 00 00 00 F0 80 03 00 00 00 00 00 00 00 00 00 00 00 00 31 00 00 00 00 00 00 00 1F 00 00 00 50 00 00 00 0E 00 00 00 11 00 55 00 00 00 09 00 00 00 52 00 00 00 41 00 00 00 43 00 00 00 55 00 00 00 0F 00 00 00 2F 00 00 00 16 00 00 00 0F 00 00 00 16 00 00 00 B7 16 6F 16 
11:26:29:794->>>>-发送-68 2F 00 C3 05 00 00 00 00 05 01 BE BE BE BE BE 17 00 00 00 00 00 F0 80 00 12 00 68 12 00 43 01 00 00 00 00 00 F0 80 03 03 00 01 BB 16 23 16 
11:26:30:499-<<<<-接收-68 7A 00 83 04 00 00 00 00 05 17 00 00 00 00 00 01 BE BE BE BE BE F0 80 00 5D 00 68 5D 00 83 00 00 00 00 00 00 F0 80 03 00 00 00 00 00 00 00 00 00 00 00 00 42 00 00 00 00 00 00 00 28 00 00 00 75 00 00 00 0E 00 00 00 34 00 82 00 00 00 07 00 00 00 1C 00 00 00 15 00 00 00 69 00 00 00 2A 00 00 00 4A 00 00 00 0B 00 00 00 34 00 00 00 82 00 00 00 53 00 00 00 C2 16 86 16 
11:26:43:516->>>>-发送-68 2C 00 C3 05 00 00 00 00 06 01 BE BE BE BE BE 17 00 00 00 00 00 F0 80 00 0F 00 68 0F 00 43 01 00 00 00 00 00 10 01 00 55 16 52 16 
11:26:43:856-<<<<-接收-68 30 00 83 04 00 00 00 00 06 17 00 00 00 00 00 01 BE BE BE BE BE F0 80 00 13 00 68 13 00 83 00 00 00 00 00 00 10 01 00 1A 00 F8 07 AD 16 C9 16 
11:26:43:866->>>>-发送-68 2F 00 C3 05 00 00 00 00 07 01 BE BE BE BE BE 17 00 00 00 00 00 F0 80 00 12 00 68 12 00 43 01 00 00 00 00 00 F0 80 03 01 00 01 B9 16 21 16 
11:26:44:091-<<<<-接收-68 2D 00 83 04 00 00 00 00 07 17 00 00 00 00 00 01 BE BE BE BE BE F0 80 00 10 00 68 10 00 83 F8 F0 00 00 00 00 00 02 00 0C 79 16 5C 16 
11:26:44:115->>>>-发送-68 2F 00 C3 05 00 00 00 00 08 01 BE BE BE BE BE 17 00 00 00 00 00 F0 80 00 12 00 68 12 00 43 01 00 00 00 00 00 F0 80 03 02 00 01 BA 16 24 16 
11:26:44:810-<<<<-接收-68 7A 00 83 04 00 00 00 00 08 17 00 00 00 00 00 01 BE BE BE BE BE F0 80 00 5D 00 68 5D 00 83 00 00 00 00 00 00 F0 80 03 00 00 00 00 00 00 00 00 00 00 00 00 31 00 00 00 00 00 00 00 1F 00 00 00 50 00 00 00 0E 00 00 00 11 00 55 00 00 00 09 00 00 00 52 00 00 00 41 00 00 00 43 00 00 00 55 00 00 00 0F 00 00 00 2F 00 00 00 16 00 00 00 0F 00 00 00 16 00 00 00 B7 16 73 16 
11:26:44:957->>>>-发送-68 2F 00 C3 05 00 00 00 00 09 01 BE BE BE BE BE 17 00 00 00 00 00 F0 80 00 12 00 68 12 00 43 01 00 00 00 00 00 F0 80 03 03 00 01 BB 16 27 16 
11:26:45:767-<<<<-接收-68 7A 00 83 04 00 00 00 00 09 17 00 00 00 00 00 01 BE BE BE BE BE F0 80 00 5D 00 68 5D 00 83 00 00 00 00 00 00 F0 80 03 00 00 00 00 00 00 00 00 00 00 00 00 42 00 00 00 00 00 00 00 28 00 00 00 75 00 00 00 0E 00 00 00 34 00 82 00 00 00 07 00 00 00 1C 00 00 00 15 00 00 00 69 00 00 00 2A 00 00 00 4A 00 00 00 0B 00 00 00 34 00 00 00 82 00 00 00 53 00 00 00 C2 16 8A 16 
11:26:45:912->>>>-发送-68 2F 00 C3 05 00 00 00 00 0A 01 BE BE BE BE BE 17 00 00 00 00 00 F0 80 00 12 00 68 12 00 43 01 00 00 00 00 00 F0 80 03 04 00 01 BC 16 2A 16 
11:26:46:702-<<<<-接收-68 7A 00 83 04 00 00 00 00 0A 17 00 00 00 00 00 01 BE BE BE BE BE F0 80 00 5D 00 68 5D 00 83 00 00 00 00 00 00 F0 80 03 00 00 00 00 00 00 00 00 00 00 00 00 43 00 00 00 00 00 00 00 2E 00 00 00 61 00 00 00 0F 00 00 00 0D 00 63 00 00 00 09 00 00 00 0D 00 00 00 0A 00 00 00 5D 00 00 00 63 00 00 00 62 00 00 00 0B 00 00 00 1A 00 00 00 35 00 00 00 21 00 00 00 04 16 0F 16 
11:26:46:849->>>>-发送-68 2F 00 C3 05 00 00 00 00 0B 01 BE BE BE BE BE 17 00 00 00 00 00 F0 80 00 12 00 68 12 00 43 01 00 00 00 00 00 F0 80 03 05 00 01 BD 16 2D 16 
11:26:47:608-<<<<-接收-68 7A 00 83 04 00 00 00 00 0B 17 00 00 00 00 00 01 BE BE BE BE BE F0 80 00 5D 00 68 5D 00 83 00 00 00 00 00 00 F0 80 03 00 00 00 00 00 00 00 00 00 00 00 00 49 00 00 00 00 00 00 00 30 00 00 00 62 00 00 00 0F 00 00 00 0D 00 66 00 00 00 08 00 00 00 08 00 00 00 07 00 00 00 0E 00 00 00 0D 00 00 00 0A 00 00 00 0C 00 00 00 66 00 00 00 0C 00 00 00 1E 00 00 00 2B 16 5E 16 
11:27:20:247->>>>-发送-68 0F 00 C3 01 00 00 00 00 00 F0 20 03 D7 16 
11:27:22:370-<<<<-接收-68 17 00 C3 00 00 00 00 00 18 F0 04 03 01 17 00 00 00 00 00 07 F1 16 
11:27:23:411->>>>-发送-68 10 00 C3 01 00 00 00 00 01 F0 80 03 07 3F 16 
11:27:23:488-<<<<-接收-68 15 00 83 00 00 00 00 06 01 00 01 00 00 00 00 00 00 00 8B 16 
11:27:32:922->>>>-发送-68 2C 00 C3 05 00 00 00 00 02 01 BE BE BE BE BE 17 00 00 00 00 00 F0 80 00 0F 00 68 0F 00 43 01 00 00 00 00 00 10 01 00 55 16 4E 16 
11:27:33:229-<<<<-接收-68 30 00 83 04 00 00 00 00 02 17 00 00 00 00 00 01 BE BE BE BE BE F0 80 00 13 00 68 13 00 83 00 00 00 00 00 00 10 01 00 1A 00 F8 07 AD 16 C5 16 
11:27:33:258->>>>-发送-68 2F 00 C3 05 00 00 00 00 03 01 BE BE BE BE BE 17 00 00 00 00 00 F0 80 00 12 00 68 12 00 43 01 00 00 00 00 00 F0 80 03 01 00 01 B9 16 1D 16 
11:27:33:551-<<<<-接收-68 2D 00 83 04 00 00 00 00 03 17 00 00 00 00 00 01 BE BE BE BE BE F0 80 00 10 00 68 10 00 83 F8 F0 00 00 00 00 00 02 00 0C 79 16 58 16 
11:27:33:565->>>>-发送-68 2F 00 C3 05 00 00 00 00 04 01 BE BE BE BE BE 17 00 00 00 00 00 F0 80 00 12 00 68 12 00 43 01 00 00 00 00 00 F0 80 03 02 00 01 BA 16 20 16 
11:27:34:401-<<<<-接收-68 7A 00 83 04 00 00 00 00 04 17 00 00 00 00 00 01 BE BE BE BE BE F0 80 00 5D 00 68 5D 00 83 00 00 00 00 00 00 F0 80 03 00 00 00 00 00 00 00 00 00 00 00 00 31 00 00 00 00 00 00 00 1F 00 00 00 50 00 00 00 0E 00 00 00 11 00 55 00 00 00 09 00 00 00 52 00 00 00 41 00 00 00 43 00 00 00 55 00 00 00 0F 00 00 00 2F 00 00 00 16 00 00 00 0F 00 00 00 16 00 00 00 B7 16 6F 16 
11:27:34:560->>>>-发送-68 2F 00 C3 05 00 00 00 00 05 01 BE BE BE BE BE 17 00 00 00 00 00 F0 80 00 12 00 68 12 00 43 01 00 00 00 00 00 F0 80 03 03 00 01 BB 16 23 16 
11:27:35:284-<<<<-接收-68 7A 00 83 04 00 00 00 00 05 17 00 00 00 00 00 01 BE BE BE BE BE F0 80 00 5D 00 68 5D 00 83 00 00 00 00 00 00 F0 80 03 00 00 00 00 00 00 00 00 00 00 00 00 42 00 00 00 00 00 00 00 28 00 00 00 75 00 00 00 0E 00 00 00 34 00 82 00 00 00 07 00 00 00 1C 00 00 00 15 00 00 00 69 00 00 00 2A 00 00 00 4A 00 00 00 0B 00 00 00 34 00 00 00 82 00 00 00 53 00 00 00 C2 16 86 16 
11:27:35:436->>>>-发送-68 2F 00 C3 05 00 00 00 00 06 01 BE BE BE BE BE 17 00 00 00 00 00 F0 80 00 12 00 68 12 00 43 01 00 00 00 00 00 F0 80 03 04 00 01 BC 16 26 16 
11:27:36:241-<<<<-接收-68 7A 00 83 04 00 00 00 00 06 17 00 00 00 00 00 01 BE BE BE BE BE F0 80 00 5D 00 68 5D 00 83 00 00 00 00 00 00 F0 80 03 00 00 00 00 00 00 00 00 00 00 00 00 43 00 00 00 00 00 00 00 2E 00 00 00 61 00 00 00 0F 00 00 00 0D 00 63 00 00 00 09 00 00 00 0D 00 00 00 0A 00 00 00 5D 00 00 00 63 00 00 00 62 00 00 00 0B 00 00 00 1A 00 00 00 35 00 00 00 21 00 00 00 04 16 0B 16 
11:28:17:255->>>>-发送-68 0F 00 C3 01 00 00 00 00 00 F0 20 03 D7 16 
11:28:19:405-<<<<-接收-68 17 00 C3 00 00 00 00 00 1A F0 04 03 01 17 00 00 00 00 00 07 F3 16 
11:28:20:710->>>>-发送-68 10 00 C3 01 00 00 00 00 01 F0 80 03 07 3F 16 
11:28:20:787-<<<<-接收-68 15 00 83 00 00 00 00 06 01 00 01 00 00 00 00 00 00 00 8B 16 
11:28:29:880->>>>-发送-68 2C 00 C3 05 00 00 00 00 02 01 BE BE BE BE BE 17 00 00 00 00 00 F0 80 00 0F 00 68 0F 00 43 01 00 00 00 00 00 10 01 00 55 16 4E 16 
11:28:30:190-<<<<-接收-68 30 00 83 04 00 00 00 00 02 17 00 00 00 00 00 01 BE BE BE BE BE F0 80 00 13 00 68 13 00 83 00 00 00 00 00 00 10 01 00 1A 00 F8 07 AD 16 C5 16 
11:28:30:225->>>>-发送-68 2F 00 C3 05 00 00 00 00 03 01 BE BE BE BE BE 17 00 00 00 00 00 F0 80 00 12 00 68 12 00 43 01 00 00 00 00 00 F0 80 03 01 00 01 B9 16 1D 16 
11:28:30:498-<<<<-接收-68 2D 00 83 04 00 00 00 00 03 17 00 00 00 00 00 01 BE BE BE BE BE F0 80 00 10 00 68 10 00 83 F8 F0 00 00 00 00 00 02 00 0C 79 16 58 16 
11:28:30:521->>>>-发送-68 2F 00 C3 05 00 00 00 00 04 01 BE BE BE BE BE 17 00 00 00 00 00 F0 80 00 12 00 68 12 00 43 01 00 00 00 00 00 F0 80 03 02 00 01 BA 16 20 16 
11:28:31:229-<<<<-接收-68 7A 00 83 04 00 00 00 00 04 17 00 00 00 00 00 01 BE BE BE BE BE F0 80 00 5D 00 68 5D 00 83 00 00 00 00 00 00 F0 80 03 00 00 00 00 00 00 00 00 00 00 00 00 31 00 00 00 00 00 00 00 1F 00 00 00 50 00 00 00 0E 00 00 00 11 00 55 00 00 00 09 00 00 00 52 00 00 00 41 00 00 00 43 00 00 00 55 00 00 00 0F 00 00 00 2F 00 00 00 16 00 00 00 0F 00 00 00 16 00 00 00 B7 16 6F 16 
11:28:31:446->>>>-发送-68 2F 00 C3 05 00 00 00 00 05 01 BE BE BE BE BE 17 00 00 00 00 00 F0 80 00 12 00 68 12 00 43 01 00 00 00 00 00 F0 80 03 03 00 01 BB 16 23 16 
11:28:32:308-<<<<-接收-68 7A 00 83 04 00 00 00 00 05 17 00 00 00 00 00 01 BE BE BE BE BE F0 80 00 5D 00 68 5D 00 83 00 00 00 00 00 00 F0 80 03 00 00 00 00 00 00 00 00 00 00 00 00 42 00 00 00 00 00 00 00 28 00 00 00 75 00 00 00 0E 00 00 00 34 00 82 00 00 00 07 00 00 00 1C 00 00 00 15 00 00 00 69 00 00 00 2A 00 00 00 4A 00 00 00 0B 00 00 00 34 00 00 00 82 00 00 00 53 00 00 00 C2 16 86 16 
11:29:07:454->>>>-发送-68 0F 00 C3 01 00 00 00 00 00 F0 20 03 D7 16 
11:29:09:543-<<<<-接收-68 17 00 C3 00 00 00 00 00 1C F0 04 03 01 17 00 00 00 00 00 07 F5 16 
11:29:10:780->>>>-发送-68 10 00 C3 01 00 00 00 00 01 F0 80 03 07 3F 16 
11:29:10:856-<<<<-接收-68 15 00 83 00 00 00 00 06 01 00 01 00 00 00 00 00 00 00 8B 16 
11:29:19:836->>>>-发送-68 2C 00 C3 05 00 00 00 00 02 01 BE BE BE BE BE 17 00 00 00 00 00 F0 80 00 0F 00 68 0F 00 43 01 00 00 00 00 00 10 01 00 55 16 4E 16 
11:29:20:109-<<<<-接收-68 30 00 83 04 00 00 00 00 02 17 00 00 00 00 00 01 BE BE BE BE BE F0 80 00 13 00 68 13 00 83 00 00 00 00 00 00 10 01 00 1A 00 F8 07 AD 16 C5 16 
11:29:20:150->>>>-发送-68 2F 00 C3 05 00 00 00 00 03 01 BE BE BE BE BE 17 00 00 00 00 00 F0 80 00 12 00 68 12 00 43 01 00 00 00 00 00 F0 80 03 01 00 01 B9 16 1D 16 
11:29:20:424-<<<<-接收-68 2D 00 83 04 00 00 00 00 03 17 00 00 00 00 00 01 BE BE BE BE BE F0 80 00 10 00 68 10 00 83 F8 F0 00 00 00 00 00 02 00 0C 79 16 58 16 
11:29:20:462->>>>-发送-68 2F 00 C3 05 00 00 00 00 04 01 BE BE BE BE BE 17 00 00 00 00 00 F0 80 00 12 00 68 12 00 43 01 00 00 00 00 00 F0 80 03 02 00 01 BA 16 20 16 
11:29:21:137-<<<<-接收-68 7A 00 83 04 00 00 00 00 04 17 00 00 00 00 00 01 BE BE BE BE BE F0 80 00 5D 00 68 5D 00 83 00 00 00 00 00 00 F0 80 03 00 00 00 00 00 00 00 00 00 00 00 00 31 00 00 00 00 00 00 00 1F 00 00 00 50 00 00 00 0E 00 00 00 11 00 55 00 00 00 09 00 00 00 52 00 00 00 41 00 00 00 43 00 00 00 55 00 00 00 0F 00 00 00 2F 00 00 00 16 00 00 00 0F 00 00 00 16 00 00 00 B7 16 6F 16 
11:29:21:284->>>>-发送-68 2F 00 C3 05 00 00 00 00 05 01 BE BE BE BE BE 17 00 00 00 00 00 F0 80 00 12 00 68 12 00 43 01 00 00 00 00 00 F0 80 03 03 00 01 BB 16 23 16 
11:29:22:111-<<<<-接收-68 7A 00 83 04 00 00 00 00 05 17 00 00 00 00 00 01 BE BE BE BE BE F0 80 00 5D 00 68 5D 00 83 00 00 00 00 00 00 F0 80 03 00 00 00 00 00 00 00 00 00 00 00 00 42 00 00 00 00 00 00 00 28 00 00 00 75 00 00 00 0E 00 00 00 34 00 82 00 00 00 07 00 00 00 1C 00 00 00 15 00 00 00 69 00 00 00 2A 00 00 00 4A 00 00 00 0B 00 00 00 34 00 00 00 82 00 00 00 53 00 00 00 C2 16 86 16 
11:29:50:662->>>>-发送-68 0F 00 C3 01 00 00 00 00 00 F0 20 03 D7 16 
11:29:52:767-<<<<-接收-68 17 00 C3 00 00 00 00 00 1E F0 04 03 01 17 00 00 00 00 00 07 F7 16 
11:29:53:932->>>>-发送-68 10 00 C3 01 00 00 00 00 01 F0 80 03 07 3F 16 
11:29:54:010-<<<<-接收-68 15 00 83 00 00 00 00 06 01 00 01 00 00 00 00 00 00 00 8B 16 
11:29:59:016->>>>-发送-68 2C 00 C3 05 00 00 00 00 02 01 BE BE BE BE BE 17 00 00 00 00 00 F0 80 00 0F 00 68 0F 00 43 01 00 00 00 00 00 10 01 00 55 16 4E 16 
11:29:59:250-<<<<-接收-68 30 00 83 04 00 00 00 00 02 17 00 00 00 00 00 01 BE BE BE BE BE F0 80 00 13 00 68 13 00 83 00 00 00 00 00 00 10 01 00 1A 00 F8 07 AD 16 C5 16 
11:29:59:258->>>>-发送-68 2F 00 C3 05 00 00 00 00 03 01 BE BE BE BE BE 17 00 00 00 00 00 F0 80 00 12 00 68 12 00 43 01 00 00 00 00 00 F0 80 03 01 00 01 B9 16 1D 16 
11:29:59:532-<<<<-接收-68 2D 00 83 04 00 00 00 00 03 17 00 00 00 00 00 01 BE BE BE BE BE F0 80 00 10 00 68 10 00 83 F8 F0 00 00 00 00 00 02 00 0C 79 16 58 16 
11:29:59:552->>>>-发送-68 2F 00 C3 05 00 00 00 00 04 01 BE BE BE BE BE 17 00 00 00 00 00 F0 80 00 12 00 68 12 00 43 01 00 00 00 00 00 F0 80 03 02 00 01 BA 16 20 16 
11:30:00:342-<<<<-接收-68 7A 00 83 04 00 00 00 00 04 17 00 00 00 00 00 01 BE BE BE BE BE F0 80 00 5D 00 68 5D 00 83 00 00 00 00 00 00 F0 80 03 00 00 00 00 00 00 00 00 00 00 00 00 31 00 00 00 00 00 00 00 1F 00 00 00 50 00 00 00 0E 00 00 00 11 00 55 00 00 00 09 00 00 00 52 00 00 00 41 00 00 00 43 00 00 00 55 00 00 00 0F 00 00 00 2F 00 00 00 16 00 00 00 0F 00 00 00 16 00 00 00 B7 16 6F 16 
11:30:00:492->>>>-发送-68 2F 00 C3 05 00 00 00 00 05 01 BE BE BE BE BE 17 00 00 00 00 00 F0 80 00 12 00 68 12 00 43 01 00 00 00 00 00 F0 80 03 03 00 01 BB 16 23 16 
11:30:01:778-<<<<-接收-68 7A 00 83 04 00 00 00 00 05 17 00 00 00 00 00 01 BE BE BE BE BE F0 80 00 5D 00 68 5D 00 83 00 00 00 00 00 00 F0 80 03 00 00 00 00 00 00 00 00 00 00 00 00 42 00 00 00 00 00 00 00 28 00 00 00 75 00 00 00 0E 00 00 00 34 00 82 00 00 00 07 00 00 00 1C 00 00 00 15 00 00 00 69 00 00 00 2A 00 00 00 4A 00 00 00 0B 00 00 00 34 00 00 00 82 00 00 00 53 00 00 00 C2 16 86 16 
11:30:14:899->>>>-发送-68 2C 00 C3 05 00 00 00 00 06 01 BE BE BE BE BE 17 00 00 00 00 00 F0 80 00 0F 00 68 0F 00 43 01 00 00 00 00 00 10 01 00 55 16 52 16 
11:30:15:131-<<<<-接收-68 30 00 83 04 00 00 00 00 06 17 00 00 00 00 00 01 BE BE BE BE BE F0 80 00 13 00 68 13 00 83 00 00 00 00 00 00 10 01 00 1A 00 F8 07 AD 16 C9 16 
11:30:15:139->>>>-发送-68 2F 00 C3 05 00 00 00 00 07 01 BE BE BE BE BE 17 00 00 00 00 00 F0 80 00 12 00 68 12 00 43 01 00 00 00 00 00 F0 80 03 01 00 01 B9 16 21 16 
11:30:15:370-<<<<-接收-68 2D 00 83 04 00 00 00 00 07 17 00 00 00 00 00 01 BE BE BE BE BE F0 80 00 10 00 68 10 00 83 F8 F0 00 00 00 00 00 02 00 0C 79 16 5C 16 
11:30:15:377->>>>-发送-68 2F 00 C3 05 00 00 00 00 08 01 BE BE BE BE BE 17 00 00 00 00 00 F0 80 00 12 00 68 12 00 43 01 00 00 00 00 00 F0 80 03 02 00 01 BA 16 24 16 
11:30:16:104-<<<<-接收-68 7A 00 83 04 00 00 00 00 08 17 00 00 00 00 00 01 BE BE BE BE BE F0 80 00 5D 00 68 5D 00 83 00 00 00 00 00 00 F0 80 03 00 00 00 00 00 00 00 00 00 00 00 00 31 00 00 00 00 00 00 00 1F 00 00 00 50 00 00 00 0E 00 00 00 11 00 55 00 00 00 09 00 00 00 52 00 00 00 41 00 00 00 43 00 00 00 55 00 00 00 0F 00 00 00 2F 00 00 00 16 00 00 00 0F 00 00 00 16 00 00 00 B7 16 73 16 
11:30:16:251->>>>-发送-68 2F 00 C3 05 00 00 00 00 09 01 BE BE BE BE BE 17 00 00 00 00 00 F0 80 00 12 00 68 12 00 43 01 00 00 00 00 00 F0 80 03 03 00 01 BB 16 27 16 
11:30:17:067-<<<<-接收-68 7A 00 83 04 00 00 00 00 09 17 00 00 00 00 00 01 BE BE BE BE BE F0 80 00 5D 00 68 5D 00 83 00 00 00 00 00 00 F0 80 03 00 00 00 00 00 00 00 00 00 00 00 00 42 00 00 00 00 00 00 00 28 00 00 00 75 00 00 00 0E 00 00 00 34 00 82 00 00 00 07 00 00 00 1C 00 00 00 15 00 00 00 69 00 00 00 2A 00 00 00 4A 00 00 00 0B 00 00 00 34 00 00 00 82 00 00 00 53 00 00 00 C2 16 8A 16 
