21:30:34:080->>>>-发送-68 0F 00 43 01 00 00 00 00 00 01 01 00 46 16 
21:30:55:895->>>>-发送-68 0F 00 43 01 00 00 00 00 00 01 01 00 46 16 
21:31:34:182->>>>-发送-68 1E 00 43 01 00 00 00 00 00 02 01 00 02 0D FE 68 AA AA AA AA AA AA 68 13 00 DF 16 28 16 
21:31:54:451->>>>-发送-68 1E 00 43 01 00 00 00 00 00 02 01 00 02 0D FE 68 AA AA AA AA AA AA 68 13 00 DF 16 28 16 
21:32:05:335->>>>-发送-68 0F 00 43 01 00 00 00 00 00 03 01 00 48 16 
21:32:16:161->>>>-发送-68 0F 00 43 01 00 00 00 00 00 03 02 00 49 16 
21:32:26:988->>>>-发送-68 0F 00 43 01 00 00 00 00 00 03 04 00 4B 16 
21:32:37:814->>>>-发送-68 0F 00 43 01 00 00 00 00 00 03 08 00 4F 16 
21:32:48:652->>>>-发送-68 0F 00 43 01 00 00 00 00 00 03 10 00 57 16 
21:32:59:505->>>>-发送-68 0F 00 43 01 00 00 00 00 00 03 20 00 67 16 
21:33:10:357->>>>-发送-68 0F 00 43 01 00 00 00 00 00 03 40 00 87 16 
21:33:59:363->>>>-发送-68 0F 00 C3 01 00 00 00 00 00 05 80 FF 48 16 
21:34:21:345->>>>-发送-68 0F 00 C3 01 00 00 00 00 01 05 80 FF 49 16 
21:34:41:540->>>>-发送-68 0F 00 C3 01 00 00 00 00 02 00 80 FF 45 16 
21:35:03:624->>>>-发送-68 0F 00 C3 01 00 00 00 00 03 01 80 FF 47 16 
21:49:02:224->>>>-发送-68 0F 00 43 01 00 00 00 00 00 12 04 00 5A 16 
21:49:32:220->>>>-发送-68 0F 00 43 01 00 00 00 00 00 12 01 00 57 16 
21:49:43:092->>>>-发送-68 0F 00 43 01 00 00 00 00 00 12 02 00 58 16 
21:49:53:977->>>>-发送-68 0F 00 43 01 00 00 00 00 00 12 04 00 5A 16 
