10:11:25:169->>>>-发送-68 00 00 0C 00 16 
10:15:56:155->>>>-发送-68 00 00 0C 00 16 
13:51:41:254->>>>-发送-68 00 00 0C 00 16 
13:51:41:287-<<<<-接收-68 00 0B 8C 01 00 00 00 00 00 01 8D B0 C9 00 08 16 
13:51:42:685->>>>-发送-68 00 04 01 8D B0 C9 00 06 16 
13:51:42:697-<<<<-接收-68 00 01 81 00 00 16 
13:52:59:843->>>>-发送-68 00 3E 16 0F FF 01 FF 00 38 80 3F FF 2F 00 01 00 30 1C 28 00 CC 08 01 00 00 01 02 03 04 05 00 FF FF FF FF FF FF 11 01 00 00 01 02 02 01 01 00 32 00 68 AA AA AA AA AA AA 68 11 04 33 33 34 33 AE 16 43 16 
13:52:59:876-<<<<-接收-68 00 01 96 00 00 16 
13:53:09:948->>>>-发送-68 00 3E 16 0F FF 01 FF 00 38 80 3F FF 2F 00 02 00 30 1C 28 00 CC 08 01 00 00 01 02 03 04 05 00 00 00 00 00 00 35 11 01 00 00 01 02 02 01 02 00 32 00 68 AA AA AA AA AA AA 68 11 04 33 33 34 33 AE 16 80 16 
13:53:09:981-<<<<-接收-68 00 01 96 00 00 16 
13:53:26:579->>>>-发送-68 00 3E 16 0F FF 01 FF 00 38 80 3F FF 2F 00 03 00 30 1C 28 00 CC 08 01 00 00 01 02 03 04 05 00 00 00 00 00 00 35 11 01 00 00 01 02 02 01 03 00 32 00 68 AA AA AA AA AA AA 68 11 04 33 33 34 33 AE 16 82 16 
13:53:26:612-<<<<-接收-68 00 01 96 00 00 16 
13:53:34:282->>>>-发送-68 00 3E 16 0F FF 01 FF 00 38 80 3F FF 2F 00 04 00 30 1C 28 00 CC 08 01 00 00 01 02 03 04 05 00 FF FF FF FF FF FF 11 01 00 00 01 02 02 01 04 00 32 00 68 AA AA AA AA AA AA 68 11 04 33 33 34 33 AE 16 49 16 
13:53:34:314-<<<<-接收-68 00 01 96 00 00 16 
13:53:42:002->>>>-发送-68 00 3E 16 0F FF 01 FF 00 38 80 3F FF 2F 00 05 00 30 1C 28 00 CC 08 01 00 00 01 02 03 04 05 00 FF FF FF FF FF FF 11 01 00 00 01 02 02 01 05 00 32 00 68 AA AA AA AA AA AA 68 11 04 33 33 34 33 AE 16 4B 16 
13:53:42:034-<<<<-接收-68 00 01 96 00 00 16 
13:53:49:372->>>>-发送-68 00 3E 16 0F FF 01 FF 00 38 80 3F FF 2F 00 06 00 30 1C 28 00 CC 08 01 00 00 01 02 03 04 05 00 00 00 00 00 00 35 11 01 00 00 01 02 02 01 06 00 32 00 68 AA AA AA AA AA AA 68 11 04 33 33 34 33 AE 16 88 16 
13:53:49:384-<<<<-接收-68 00 01 96 00 00 16 
13:53:58:026->>>>-发送-68 00 3E 16 0F FF 01 FF 00 38 80 3F FF 2F 00 07 00 30 1C 28 00 CC 08 01 00 00 01 02 03 04 05 00 00 00 00 00 00 35 11 01 00 00 01 02 02 01 07 00 32 00 68 AA AA AA AA AA AA 68 11 04 33 33 34 33 AE 16 8A 16 
13:53:58:059-<<<<-接收-68 00 01 96 00 00 16 
13:54:05:356->>>>-发送-68 00 3E 16 0F FF 01 FF 00 38 80 3F FF 2F 00 08 00 30 1C 28 00 CC 08 01 00 00 01 02 03 04 05 00 FF FF FF FF FF FF 11 01 00 00 01 02 02 01 08 00 32 00 68 AA AA AA AA AA AA 68 11 04 33 33 34 33 AE 16 51 16 
13:54:05:388-<<<<-接收-68 00 01 96 00 00 16 
13:54:13:038->>>>-发送-68 00 3E 16 0F FF 01 FF 00 38 80 3F FF 2F 00 09 00 30 1C 28 00 CC 08 01 00 00 01 02 03 04 05 00 00 00 00 00 00 35 11 01 00 00 01 02 02 01 09 00 32 00 68 AA AA AA AA AA AA 68 11 04 33 33 34 33 AE 16 8E 16 
13:54:13:050-<<<<-接收-68 00 01 96 00 00 16 
13:54:18:659->>>>-发送-68 00 3E 16 0F FF 01 FF 00 38 80 3F FF 2F 00 0A 00 30 1C 28 00 CC 08 01 00 00 01 02 03 04 05 00 FF FF FF FF FF FF 11 01 00 00 01 02 02 01 0A 00 32 00 68 AA AA AA AA AA AA 68 11 04 33 33 34 33 AE 16 55 16 
13:54:18:691-<<<<-接收-68 00 01 96 00 00 16 
13:54:38:098->>>>-发送-68 00 3E 16 0F FF 01 FF 00 38 80 3F FF 2F 00 0B 00 30 1C 28 00 CC 08 01 00 00 01 02 03 04 05 00 00 00 00 00 00 01 11 01 00 00 01 02 02 01 0B 00 32 00 68 AA AA AA AA AA AA 68 11 04 33 33 34 33 AE 16 5E 16 
13:54:38:130-<<<<-接收-68 00 01 96 00 00 16 
13:54:47:266->>>>-发送-68 00 3E 16 0F FF 01 FF 00 38 80 3F FF 2F 00 0C 00 30 1C 28 00 CC 08 01 00 00 01 02 03 04 05 00 00 00 00 00 00 01 11 01 00 00 01 02 02 01 0C 00 32 00 68 AA AA AA AA AA AA 68 11 04 33 33 34 33 AE 16 60 16 
13:54:47:298-<<<<-接收-68 00 01 96 00 00 16 
13:54:55:322->>>>-发送-68 00 3E 16 0F FF 01 FF 00 38 80 3F FF 2F 00 0D 00 30 1C 28 00 CC 08 01 00 00 01 02 03 04 05 00 00 00 00 00 00 01 11 01 00 00 01 02 02 01 0D 00 32 00 68 AA AA AA AA AA AA 68 11 04 33 33 34 33 AE 16 62 16 
13:54:55:355-<<<<-接收-68 00 01 96 00 00 16 
13:55:03:858->>>>-发送-68 00 3E 16 0F FF 01 FF 00 38 80 3F FF 2F 00 0E 00 30 1C 28 00 CC 08 01 00 00 01 02 03 04 05 00 00 00 00 00 00 01 11 01 00 00 01 02 02 01 0E 00 32 00 68 AA AA AA AA AA AA 68 11 04 33 33 34 33 AE 16 64 16 
13:55:03:891-<<<<-接收-68 00 01 96 00 00 16 
13:55:06:482->>>>-发送-68 00 3E 16 0F FF 01 FF 00 38 80 3F FF 2F 00 0F 00 30 1C 28 00 CC 08 01 00 00 01 02 03 04 05 00 00 00 00 00 00 01 11 01 00 00 01 02 02 01 0F 00 32 00 68 AA AA AA AA AA AA 68 11 04 33 33 34 33 AE 16 66 16 
13:55:06:512-<<<<-接收-68 00 00 16 
13:55:06:514-<<<<-接收-01 96 00 
13:56:42:747->>>>-发送-68 00 3E 16 0F FF 01 FF 00 38 80 3F FF 2F 00 10 00 30 1C 28 00 CC 08 01 00 00 01 02 03 04 05 00 55 55 55 55 55 55 11 01 00 00 01 02 02 01 10 00 32 00 68 AA AA AA AA AA AA 68 11 04 33 33 34 33 AE 16 65 16 
13:56:42:779-<<<<-接收-68 00 01 96 00 00 16 
13:56:50:290->>>>-发送-68 00 3E 16 0F FF 01 FF 00 38 80 3F FF 2F 00 11 00 30 1C 28 00 CC 08 01 00 00 01 02 03 04 05 00 55 55 55 55 55 55 11 01 00 00 01 02 02 01 11 00 32 00 68 AA AA AA AA AA AA 68 11 04 33 33 34 33 AE 16 67 16 
13:56:50:322-<<<<-接收-68 00 01 96 00 00 16 
13:57:50:296->>>>-发送-68 00 00 0C 00 16 
13:57:50:329-<<<<-接收-68 00 0B 8C 01 00 00 00 00 00 01 1C 04 F7 00 19 16 
13:57:52:102->>>>-发送-68 00 04 01 1C 04 F7 00 17 16 
13:57:52:114-<<<<-接收-68 00 01 81 00 00 16 
13:58:19:882->>>>-发送-68 00 3E 16 0F FF 01 FF 00 38 80 3F FF 2F 00 12 00 30 1C 28 00 CC 08 01 00 00 01 02 03 04 05 00 00 00 00 00 00 35 11 01 00 00 01 02 02 01 12 00 32 00 68 AA AA AA AA AA AA 68 11 04 33 33 34 33 AE 16 A0 16 
13:58:19:914-<<<<-接收-68 00 01 96 00 00 16 
13:58:26:682->>>>-发送-68 00 3E 16 00 02 01 FF 00 38 80 3F 02 00 00 13 00 30 1C 28 00 CC 08 01 00 00 01 02 03 04 05 00 00 00 00 00 00 35 11 01 00 00 01 02 02 01 13 00 32 00 68 AA AA AA AA AA AA 68 11 04 33 33 34 33 AE 16 6A 16 
13:58:26:715-<<<<-接收-68 00 01 96 00 00 16 
13:58:29:100->>>>-发送-68 00 3E 16 00 02 01 FF 00 38 80 3F 02 00 00 14 00 30 1C 28 00 CC 08 01 00 00 01 02 03 04 05 00 00 00 00 00 00 35 11 01 00 00 01 02 02 01 14 00 32 00 68 AA AA AA AA AA AA 68 11 04 33 33 34 33 AE 16 6C 16 
13:58:29:112-<<<<-接收-68 00 01 96 00 00 16 
13:58:39:724->>>>-发送-68 00 3E 16 00 02 01 FF 00 38 80 3F 02 00 00 15 00 30 1C 28 00 CC 08 01 00 00 01 02 03 04 05 00 00 00 00 00 00 35 11 01 00 00 01 02 02 01 15 00 32 00 68 AA AA AA AA AA AA 68 11 04 33 33 34 33 AE 16 6E 16 
13:58:39:736-<<<<-接收-68 00 01 96 00 00 16 
13:58:58:028->>>>-发送-68 00 3E 16 00 02 01 FF 00 38 80 3F 02 00 00 16 00 30 1C 28 00 CC 08 01 00 00 01 02 03 04 05 00 35 00 00 00 00 00 11 01 00 00 01 02 02 01 16 00 32 00 68 AA AA AA AA AA AA 68 11 04 33 33 34 33 AE 16 70 16 
13:58:58:040-<<<<-接收-68 00 01 96 00 00 16 
13:59:01:117->>>>-发送-68 00 3E 16 00 02 01 FF 00 38 80 3F 02 00 00 17 00 30 1C 28 00 CC 08 01 00 00 01 02 03 04 05 00 35 00 00 00 00 00 11 01 00 00 01 02 02 01 17 00 32 00 68 AA AA AA AA AA AA 68 11 04 33 33 34 33 AE 16 72 16 
13:59:01:129-<<<<-接收-68 00 01 96 00 00 16 
13:59:02:603->>>>-发送-68 00 3E 16 00 02 01 FF 00 38 80 3F 02 00 00 18 00 30 1C 28 00 CC 08 01 00 00 01 02 03 04 05 00 35 00 00 00 00 00 11 01 00 00 01 02 02 01 18 00 32 00 68 AA AA AA AA AA AA 68 11 04 33 33 34 33 AE 16 74 16 
13:59:02:630-<<<<-接收-00 16 
13:59:02:634-<<<<-接收-68 00 01 96 00 
