09:45:03:265->>>>-发送-68 12 00 C3 01 00 00 00 00 00 F0 04 03 00 00 14 CF 16 
09:45:05:037-<<<<-接收-68 17 00 C3 00 00 00 00 00 03 F0 04 03 01 00 00 00 02 22 22 01 05 16 
09:49:48:659->>>>-发送-68 12 00 C3 01 00 00 00 00 01 F0 04 03 00 00 14 D0 16 
09:49:50:665-<<<<-接收-68 17 00 C3 00 00 00 00 00 03 F0 04 03 01 00 00 00 02 22 22 01 05 16 
09:50:31:968->>>>-发送-68 12 00 C3 01 00 00 00 00 02 F0 04 03 00 00 14 D1 16 
09:50:41:555-<<<<-接收-68 17 00 C3 00 00 00 00 00 03 F0 04 03 01 00 00 00 02 22 22 01 05 16 
09:51:46:487->>>>-发送-68 12 00 C3 01 00 00 00 00 00 F0 04 03 00 00 14 CF 16 
09:51:49:054-<<<<-接收-68 17 00 C3 00 00 00 00 00 03 F0 04 03 01 00 00 00 02 22 22 01 05 16 
09:52:26:630->>>>-发送-68 12 00 C3 01 00 00 00 00 01 F0 04 03 00 00 14 D0 16 
09:53:09:851-<<<<-接收-68 17 00 C3 00 00 00 00 00 03 F0 04 03 01 00 00 00 02 22 22 01 05 16 
09:54:02:322->>>>-发送-68 12 00 C3 01 00 00 00 00 00 F0 04 03 00 00 14 CF 16 
09:54:04:353-<<<<-接收-68 17 00 C3 00 00 00 00 00 03 F0 04 03 01 00 00 00 02 22 22 01 05 16 
10:04:02:006->>>>-发送-68 12 00 C3 01 00 00 00 00 00 F0 04 03 00 00 14 CF 16 
10:04:03:748-<<<<-接收-68 17 00 C3 00 00 00 00 00 03 F0 04 03 01 00 00 00 02 22 22 01 05 16 
10:05:46:598->>>>-发送-68 12 00 C3 01 00 00 00 00 01 F0 04 03 00 00 14 D0 16 
10:05:48:879-<<<<-接收-68 1E 00 C3 00 00 00 00 00 03 F0 04 03 02 00 00 00 02 22 22 01 00 00 00 02 22 33 04 61 16 
10:06:09:360->>>>-发送-68 12 00 C3 01 00 00 00 00 02 F0 04 03 00 00 14 D1 16 
10:06:11:971-<<<<-接收-68 1E 00 C3 00 00 00 00 00 03 F0 04 03 02 00 00 00 02 22 22 01 00 00 00 02 22 33 04 61 16 
10:08:03:381->>>>-发送-68 12 00 C3 01 00 00 00 00 00 F0 08 03 00 00 14 D3 16 
10:09:05:359->>>>-发送-68 12 00 C3 01 00 00 00 00 01 F0 08 03 00 00 14 D4 16 
10:09:07:630-<<<<-接收-68 1D 00 C3 00 00 00 00 00 04 F0 08 03 01 00 00 00 02 22 22 00 00 00 02 22 22 01 50 16 
10:14:31:423->>>>-发送-68 12 00 C3 01 00 00 00 00 00 F0 04 03 00 00 14 CF 16 
10:14:34:054-<<<<-接收-68 1E 00 C3 00 00 00 00 00 03 F0 04 03 02 00 00 00 02 22 22 01 00 00 00 02 22 33 04 61 16 
10:14:36:941->>>>-发送-68 12 00 C3 01 00 00 00 00 01 F0 04 03 00 00 14 D0 16 
10:14:38:524-<<<<-接收-68 1D 00 C3 00 00 00 00 00 04 F0 08 03 01 00 00 00 02 22 22 00 00 00 02 22 22 01 50 16 
10:15:10:048->>>>-发送-68 12 00 C3 01 00 00 00 00 02 F0 04 03 00 00 14 D1 16 
10:15:11:949-<<<<-接收-68 1D 00 C3 00 00 00 00 00 04 F0 08 03 01 00 00 00 02 22 22 00 00 00 02 22 22 01 50 16 
10:15:16:445->>>>-发送-68 12 00 C3 01 00 00 00 00 03 F0 08 03 00 00 14 D6 16 
10:15:19:116-<<<<-接收-68 1D 00 C3 00 00 00 00 00 04 F0 08 03 01 00 00 00 02 22 22 00 00 00 02 22 22 01 50 16 
10:15:59:128->>>>-发送-68 12 00 C3 01 00 00 00 00 04 F0 08 03 00 00 14 D7 16 
10:16:01:349-<<<<-接收-68 1D 00 C3 00 00 00 00 00 04 F0 08 03 01 00 00 00 02 22 22 00 00 00 02 22 23 01 51 16 
10:18:14:670->>>>-发送-68 12 00 C3 01 00 00 00 00 00 F0 04 03 00 00 14 CF 16 
10:18:16:331-<<<<-接收-68 1E 00 C3 00 00 00 00 00 03 F0 04 03 02 00 00 00 02 22 22 01 00 00 00 02 22 33 04 61 16 
10:18:21:821->>>>-发送-68 12 00 C3 01 00 00 00 00 01 F0 08 03 00 00 14 D4 16 
10:18:23:692-<<<<-接收-68 1D 00 C3 00 00 00 00 00 04 F0 08 03 01 00 00 00 02 22 22 00 00 00 02 22 23 01 51 16 
10:18:31:197->>>>-发送-68 12 00 C3 01 00 00 00 00 02 F0 08 03 00 00 14 D5 16 
10:18:32:783-<<<<-接收-68 1D 00 C3 00 00 00 00 00 04 F0 08 03 01 00 00 00 02 22 22 00 00 00 02 22 23 01 51 16 
