11:27:12:631->>>>-发送-68 00 22 16 01 00 00 00 00 1C 11 01 00 00 01 02 02 01 01 00 32 00 68 11 11 11 11 11 11 68 11 04 33 33 34 33 18 16 AE 16 
11:28:13:359->>>>-发送-68 00 22 16 01 00 00 00 00 1C 11 01 00 00 01 02 02 01 02 00 32 00 68 11 11 11 11 11 11 68 11 04 33 33 34 33 18 16 AF 16 
11:32:29:816->>>>-发送-68 00 22 16 01 00 00 00 00 1C 11 01 00 00 01 02 02 01 01 00 32 00 68 11 11 11 11 11 11 68 11 04 33 33 34 33 18 16 AE 16 
11:32:31:843-<<<<-接收-68 00 01 81 00 00 16 
11:48:57:533->>>>-发送-68 00 22 16 0C 00 00 00 00 1C 11 01 00 00 01 02 02 01 01 00 32 00 68 22 22 22 22 22 22 68 11 04 33 33 34 33 7E 16 85 16 
11:48:58:922-<<<<-接收-68 00 01 81 00 00 16 
11:49:00:311-<<<<-接收-68 00 01 81 00 00 16 
12:02:58:761->>>>-发送-68 00 00 0C 00 16 
12:02:58:794-<<<<-接收-68 00 0B 8C 01 00 00 00 00 03 37 EF CD 2A 00 21 16 
12:03:02:921->>>>-发送-68 00 04 01 EF CD 2A 00 E6 16 
12:03:02:933-<<<<-接收-68 00 01 81 00 00 16 
12:03:25:296->>>>-发送-68 00 00 0C 00 16 
12:03:25:329-<<<<-接收-68 00 0B 8C 01 00 00 00 00 03 37 EF CD 2A 00 21 16 
12:03:30:952->>>>-发送-68 00 04 01 EF CD 2A 00 E6 16 
12:03:30:965-<<<<-接收-68 00 01 81 00 00 16 
12:04:41:992->>>>-发送-68 00 22 16 02 00 00 00 00 1C 11 01 00 00 01 02 02 01 01 00 32 00 68 35 00 00 00 00 00 68 11 04 33 33 34 33 E7 16 4D 16 
12:04:42:005-<<<<-接收-68 00 01 96 00 00 16 
12:05:47:398->>>>-发送-68 00 00 07 00 16 
12:06:32:918->>>>-发送-68 00 22 16 01 00 00 00 00 1C 11 01 00 00 01 02 02 01 02 00 32 00 68 35 00 00 00 00 00 68 11 04 33 33 34 33 E7 16 4D 16 
12:06:32:930-<<<<-接收-68 00 01 96 00 00 16 
12:21:08:538->>>>-发送-68 00 00 0C 00 16 
12:21:08:570-<<<<-接收-68 00 0B 8C 01 00 00 00 00 03 37 F3 BE 45 00 31 16 
12:21:10:838->>>>-发送-68 00 04 01 F3 BE 45 00 F6 16 
12:21:10:850-<<<<-接收-68 00 01 81 00 00 16 
12:21:31:333->>>>-发送-68 00 22 16 02 00 00 00 00 1C 11 01 00 00 01 02 02 01 01 00 32 00 68 03 00 00 00 00 00 68 11 04 33 33 34 33 B5 16 E9 16 
12:21:31:345-<<<<-接收-68 00 01 96 00 00 16 
12:22:25:305->>>>-发送-68 00 00 0C 00 16 
12:22:25:337-<<<<-接收-68 00 0B 8C 01 00 00 00 00 03 37 F3 BE 45 00 31 16 
12:22:27:248->>>>-发送-68 00 04 01 F3 BE 45 00 F6 16 
12:22:27:259-<<<<-接收-68 00 01 81 00 00 16 
12:24:20:694->>>>-发送-68 00 22 16 02 00 00 00 00 1C 11 01 00 00 01 02 02 01 01 00 32 00 68 35 00 00 00 00 00 68 11 04 33 33 34 33 E7 16 4D 16 
12:24:20:706-<<<<-接收-68 00 01 96 00 00 16 
12:25:10:870->>>>-发送-68 00 22 16 02 00 00 00 00 1C 11 01 00 00 01 02 02 01 02 00 32 00 68 35 00 00 00 00 00 68 11 04 33 33 34 33 E7 16 4E 16 
12:25:10:881-<<<<-接收-68 00 01 96 00 00 16 
12:26:24:818->>>>-发送-68 00 00 0C 00 16 
12:26:24:849-<<<<-接收-68 00 0B 8C 01 00 00 00 00 03 37 F3 BE 45 00 31 16 
12:26:26:672->>>>-发送-68 00 04 01 F3 BE 45 00 F6 16 
12:26:26:683-<<<<-接收-68 00 01 81 00 00 16 
12:26:44:357->>>>-发送-68 00 22 16 00 02 00 00 00 1C 11 01 00 00 01 02 02 01 01 00 32 00 68 35 00 00 00 00 00 68 11 04 33 33 34 33 E7 16 4D 16 
12:26:44:368-<<<<-接收-68 00 01 96 00 00 16 
13:31:46:665->>>>-发送-68 00 00 0C 00 16 
13:31:46:677-<<<<-接收-68 00 01 8C 00 00 16 
13:31:51:689->>>>-发送-68 00 00 0C 00 16 
13:31:51:700-<<<<-接收-68 00 01 8C 00 00 16 
13:31:53:801->>>>-发送-68 00 00 0C 00 16 
13:31:53:833-<<<<-接收-68 00 0B 8C 01 00 00 00 00 03 37 04 D3 6C 00 7E 16 
13:32:14:736->>>>-发送-68 00 00 0C 00 16 
13:32:14:767-<<<<-接收-68 00 0B 8C 01 00 00 00 00 03 37 04 D3 6C 00 7E 16 
13:32:16:192->>>>-发送-68 00 04 01 04 D3 6C 00 43 16 
13:32:16:203-<<<<-接收-68 00 01 81 00 00 16 
13:32:35:549->>>>-发送-68 00 22 16 FF FF 00 00 00 1C 11 01 00 00 01 02 02 01 01 00 32 00 68 35 00 00 00 00 00 68 11 04 33 33 34 33 E7 16 49 16 
13:32:35:561-<<<<-接收-68 00 01 96 03 03 16 
13:33:39:016->>>>-发送-68 00 00 0C 00 16 
13:33:39:048-<<<<-接收-68 00 0B 8C 01 00 00 00 00 03 37 04 D3 6C 00 7E 16 
13:33:40:543->>>>-发送-68 00 04 01 04 D3 6C 00 43 16 
13:33:40:555-<<<<-接收-68 00 01 81 00 00 16 
13:34:01:123->>>>-发送-68 00 22 16 00 00 00 00 00 1C 11 01 00 00 01 02 02 01 01 00 32 00 68 35 00 00 00 00 00 68 11 04 33 33 34 33 E7 16 4B 16 
13:34:01:134-<<<<-接收-68 00 01 96 00 00 16 
13:37:39:505->>>>-发送-68 00 00 0C 00 16 
13:37:39:536-<<<<-接收-68 00 0B 8C 01 00 00 00 00 03 37 04 D3 6C 00 7E 16 
13:37:40:880->>>>-发送-68 00 04 01 04 D3 6C 00 43 16 
13:37:40:891-<<<<-接收-68 00 01 81 00 00 16 
13:37:56:619->>>>-发送-68 00 22 12 00 02 00 00 00 1C 11 01 00 00 01 02 02 01 01 00 32 00 68 35 00 00 00 00 00 68 11 04 33 33 34 33 E7 16 4D 16 
13:37:56:632-<<<<-接收-68 00 01 92 00 00 16 
13:38:31:531->>>>-发送-68 00 22 12 00 02 00 00 00 1C 11 01 00 00 01 02 02 01 02 00 32 00 68 35 00 00 00 00 00 68 11 04 33 33 34 33 E7 16 4E 16 
13:38:31:543-<<<<-接收-68 00 01 92 00 00 16 
13:39:33:058->>>>-发送-68 00 00 0C 00 16 
13:39:33:070-<<<<-接收-68 00 0B 8C 01 00 00 00 00 03 37 04 D3 6C 00 7E 16 
13:39:34:751->>>>-发送-68 00 04 01 04 D3 6C 00 43 16 
13:39:34:764-<<<<-接收-68 00 01 81 00 00 16 
13:39:53:277->>>>-发送-68 00 22 12 FF FF 00 00 00 1C 11 01 00 00 01 02 02 01 01 00 32 00 68 35 00 00 00 00 00 68 11 04 33 33 34 33 E7 16 49 16 
13:39:53:288-<<<<-接收-68 00 01 92 00 00 16 
13:42:28:017->>>>-发送-68 00 00 0C 00 16 
13:42:28:048-<<<<-接收-68 00 0B 8C 01 00 00 00 00 03 37 04 D3 6C 00 7E 16 
13:42:29:465->>>>-发送-68 00 04 01 04 D3 6C 00 43 16 
13:42:29:476-<<<<-接收-68 00 01 81 00 00 16 
13:42:46:868->>>>-发送-68 00 22 12 00 00 00 00 00 1C 11 01 00 00 01 02 02 01 01 00 32 00 68 35 00 00 00 00 00 68 11 04 33 33 34 33 E7 16 4B 16 
13:42:46:880-<<<<-接收-68 00 01 92 00 00 16 
13:47:11:799->>>>-发送-68 00 04 01 00 00 00 00 00 16 
13:47:11:811-<<<<-接收-68 00 01 81 00 00 16 
13:47:18:799->>>>-发送-68 00 04 01 04 D3 6C 00 43 16 
13:47:18:811-<<<<-接收-68 00 01 81 00 00 16 
13:49:16:033->>>>-发送-68 00 00 0C 00 16 
13:49:16:045-<<<<-接收-68 00 0B 8C 01 00 00 00 00 03 37 04 D3 6C 00 7E 16 
13:49:18:961->>>>-发送-68 00 04 01 04 D3 6C 00 43 16 
13:49:18:972-<<<<-接收-68 00 01 81 00 00 16 
13:49:35:977->>>>-发送-68 00 22 12 00 02 00 00 00 1C 11 01 00 00 01 02 02 01 01 00 32 00 68 35 00 00 00 00 00 68 11 04 33 33 34 33 E7 16 4D 16 
13:49:35:989-<<<<-接收-68 00 01 92 00 00 16 
15:32:24:411->>>>-发送-68 00 00 0C 00 16 
15:32:24:425-<<<<-接收-68 00 0B 8C 01 00 00 00 00 03 37 3F 7E 8A 00 82 16 
15:33:01:571->>>>-发送-68 00 00 0C 00 16 
15:33:01:582-<<<<-接收-68 00 01 8C 00 00 16 
15:33:02:189->>>>-发送-68 00 00 0C 00 16 
15:33:02:201-<<<<-接收-68 00 01 8C 00 00 16 
15:33:02:963->>>>-发送-68 00 00 0C 00 16 
15:33:02:974-<<<<-接收-68 00 01 8C 00 00 16 
15:33:06:428->>>>-发送-68 00 00 0C 00 16 
15:33:06:440-<<<<-接收-68 00 01 8C 00 00 16 
15:33:09:183->>>>-发送-68 00 00 0C 00 16 
15:33:09:194-<<<<-接收-68 00 01 8C 00 00 16 
15:33:10:143->>>>-发送-68 00 00 0C 00 16 
15:33:10:154-<<<<-接收-68 00 01 8C 00 00 16 
15:33:10:948->>>>-发送-68 00 00 0C 00 16 
15:33:10:960-<<<<-接收-68 00 01 8C 00 00 16 
15:33:11:782->>>>-发送-68 00 00 0C 00 16 
15:33:11:794-<<<<-接收-68 00 01 8C 00 00 16 
15:33:12:461->>>>-发送-68 00 00 0C 00 16 
15:33:12:473-<<<<-接收-68 00 01 8C 00 00 16 
15:33:13:159->>>>-发送-68 00 00 0C 00 16 
15:33:13:171-<<<<-接收-68 00 01 8C 00 00 16 
15:33:15:094->>>>-发送-68 00 00 0C 00 16 
15:33:15:106-<<<<-接收-68 00 01 8C 00 00 16 
15:33:15:798->>>>-发送-68 00 00 0C 00 16 
15:33:15:810-<<<<-接收-68 00 01 8C 00 00 16 
15:33:16:380->>>>-发送-68 00 00 0C 00 16 
15:33:16:392-<<<<-接收-68 00 01 8C 00 00 16 
15:33:17:079->>>>-发送-68 00 00 0C 00 16 
15:33:17:111-<<<<-接收-68 00 0B 8C 01 00 00 00 00 03 37 63 67 E9 00 EE 16 
15:33:19:868->>>>-发送-68 00 04 01 63 67 E9 00 B3 16 
15:33:19:879-<<<<-接收-68 00 01 81 00 00 16 
15:34:34:518->>>>-发送-68 00 22 12 00 02 00 00 00 1C 11 01 00 00 01 02 02 01 01 00 32 00 68 35 00 00 00 00 00 68 11 04 33 33 34 33 E7 16 4D 16 
15:34:34:529-<<<<-接收-68 00 01 92 00 00 16 
15:45:52:789->>>>-发送-68 00 00 0C 00 16 
15:45:52:821-<<<<-接收-68 00 0B 8C 01 00 00 00 00 03 37 63 67 E9 00 EE 16 
15:45:54:420->>>>-发送-68 00 04 01 63 67 E9 00 B3 16 
15:45:54:433-<<<<-接收-68 00 01 81 00 00 16 
15:46:10:271->>>>-发送-68 00 22 12 03 FF 00 00 00 1C 11 01 00 00 01 02 02 01 01 00 32 00 68 35 00 00 00 00 00 68 11 04 33 33 34 33 E7 16 4D 16 
15:46:10:283-<<<<-接收-68 00 01 92 00 00 16 
15:47:52:147->>>>-发送-68 00 00 0C 00 16 
15:47:52:159-<<<<-接收-68 00 0B 8C 01 00 00 00 00 03 37 63 67 E9 00 EE 16 
15:47:53:434->>>>-发送-68 00 04 01 63 67 E9 00 B3 16 
15:47:53:446-<<<<-接收-68 00 01 81 00 00 16 
15:48:06:476->>>>-发送-68 00 22 12 0F FF 00 00 00 1C 11 01 00 00 01 02 02 01 01 00 32 00 68 35 00 00 00 00 00 68 11 04 33 33 34 33 E7 16 59 16 
15:48:06:488-<<<<-接收-68 00 01 92 00 00 16 
15:57:03:051->>>>-发送-68 00 00 07 00 16 
16:23:42:305->>>>-发送-68 00 00 07 00 16 
21:45:44:538->>>>-发送-68 00 00 0C 00 16 
21:45:44:582-<<<<-接收-00 05 00 C0 27 00 02 33 00 01 0F 0A 00 00 00 00 AB E2 C9 24 D0 07 00 00 00 00 02 10 03 00 8B 00 00 01 58 06 00 02 96 00 00 03 B4 00 00 00 00 00 00 00 00 00 00 00 00 00 00 00 00 00 00 00 00 00 00 00 00 00 00 00 00 00 00 00 00 00 00 00 00 00 00 00 00 00 00 00 E2 83 07 DC 6E F8 6E 00 16 68 00 0B 8C 01 00 00 00 00 00 17 00 49 D4 00 35 16 
21:46:05:206->>>>-发送-68 00 04 01 00 49 D4 00 1D 16 
21:46:05:217-<<<<-接收-68 00 01 81 00 00 16 
21:54:33:198->>>>-发送-68 00 00 0C 00 16 
21:54:33:230-<<<<-接收-68 00 0B 8C 01 00 00 00 00 00 17 00 49 D6 00 37 16 
21:54:34:490->>>>-发送-68 00 04 01 00 49 D6 00 1F 16 
21:54:34:501-<<<<-接收-68 00 01 81 00 00 16 
21:55:18:008->>>>-发送-68 00 22 12 0F FF 00 00 00 1C 11 01 00 00 01 02 02 01 01 00 32 00 68 42 00 00 00 00 00 68 11 04 33 33 34 33 F4 16 73 16 
21:55:18:019-<<<<-接收-68 00 01 92 00 00 16 
