17:55:26:964->>>>-发送-68 12 00 43 01 00 00 00 00 00 10 02 00 01 00 02 59 16 
17:55:27:072-<<<<-接收-68 1A 00 83 00 00 00 00 00 00 10 02 00 01 00 01 07 00 00 00 00 00 00 10 AE 16 
19:22:53:442->>>>-发送-68 12 00 43 01 00 00 00 00 00 10 01 00 CC CC CC B9 16 
19:22:53:548-<<<<-接收-68 13 00 83 00 00 00 00 00 00 10 01 00 01 00 F8 07 94 16 
19:22:53:552->>>>-发送-68 12 00 43 01 00 00 00 00 00 10 02 00 01 00 0A 61 16 
19:22:53:688-<<<<-接收-68 1A 00 83 00 00 00 00 00 00 10 02 00 01 00 01 07 00 00 00 00 00 00 10 AE 16 
19:23:26:021->>>>-发送-68 12 00 43 01 00 00 00 00 00 10 01 00 CC CC CC B9 16 
19:23:26:127-<<<<-接收-68 13 00 83 00 00 00 00 00 00 10 01 00 01 00 F8 07 94 16 
19:23:26:132->>>>-发送-68 12 00 43 01 00 00 00 00 00 10 02 00 01 00 0A 61 16 
19:23:26:256-<<<<-接收-68 1A 00 83 00 00 00 00 00 00 10 02 00 01 00 01 07 00 00 00 00 00 00 10 AE 16 
19:24:36:101->>>>-发送-68 12 00 43 01 00 00 00 00 00 10 01 00 CC CC CC B9 16 
19:24:36:218-<<<<-接收-68 13 00 83 00 00 00 00 00 00 10 01 00 01 00 F8 07 94 16 
19:24:36:221->>>>-发送-68 12 00 43 01 00 00 00 00 00 10 02 00 01 00 0A 61 16 
19:24:36:347-<<<<-接收-68 1A 00 83 00 00 00 00 00 00 10 02 00 01 00 01 07 00 00 00 00 00 00 10 AE 16 
