14:48:47:282->>>>-发送-68 2C 00 C3 05 00 00 00 00 01 01 BE BE BE BE BE CC CC CC CC CC CC F0 80 00 0F 00 68 0F 00 C3 01 00 00 00 00 00 15 01 00 DA 16 08 16 
14:49:23:329->>>>-发送-68 00 42 16 00 02 01 FF 00 3C 80 3F 02 00 00 01 00 30 1C 28 00 CC 08 05 00 00 01 02 03 04 05 00 23 91 78 56 34 12 11 01 00 00 01 02 02 01 01 00 32 00 68 AA AA AA AA AA AA 68 11 04 33 33 34 33 AE 16 2D 59 DA 01 42 16 
14:49:29:065->>>>-发送-68 2C 00 C3 05 00 00 00 00 03 01 BE BE BE BE BE CC CC CC CC CC CC F0 80 00 0F 00 68 0F 00 C3 01 00 00 00 00 02 15 01 00 DC 16 0E 16 
14:49:33:474->>>>-发送-68 00 42 16 00 02 01 FF 00 3C 80 3F 02 00 00 02 00 30 1C 28 00 CC 08 05 00 00 01 02 03 04 05 00 23 91 78 56 34 12 11 01 00 00 01 02 02 01 02 00 32 00 68 AA AA AA AA AA AA 68 11 04 33 33 34 33 AE 16 E7 14 73 AE FF 16 
14:49:39:031->>>>-发送-68 2C 00 C3 05 00 00 00 00 05 01 BE BE BE BE BE 23 91 78 56 34 12 F0 80 00 0F 00 68 0F 00 C3 01 00 00 00 00 04 15 01 00 DE 16 14 16 
14:49:49:240->>>>-发送-68 2C 00 C3 05 00 00 00 00 07 01 BE BE BE BE BE 23 91 78 56 34 12 F0 80 00 0F 00 68 0F 00 C3 01 00 00 00 00 06 15 01 00 E0 16 1A 16 
14:51:05:641->>>>-发送-68 00 42 16 00 02 01 FF 00 3C 80 3F 02 00 00 01 00 30 1C 28 00 CC 08 05 00 00 01 02 03 04 05 00 66 55 44 33 22 11 11 01 00 00 01 02 02 01 01 00 32 00 68 AA AA AA AA AA AA 68 11 04 33 33 34 33 AE 16 2D 59 DA 01 DF 16 
14:51:21:472->>>>-发送-68 2C 00 C3 05 00 00 00 00 01 01 BE BE BE BE BE 66 55 44 33 22 11 F0 80 00 0F 00 68 0F 00 C3 01 00 00 00 00 00 15 01 00 DA 16 A5 16 
14:52:15:250->>>>-发送-68 00 42 16 00 02 01 FF 00 3C 80 3F 02 00 00 02 00 30 1C 28 00 CC 08 05 00 00 01 02 03 04 05 00 66 55 44 33 22 11 11 01 00 00 01 02 02 01 02 00 32 00 68 AA AA AA AA AA AA 68 11 04 33 33 34 33 AE 16 E7 14 73 AE 9C 16 
14:52:30:813->>>>-发送-68 2C 00 C3 05 00 00 00 00 03 01 BE BE BE BE BE 66 55 44 33 22 11 F0 80 00 0F 00 68 0F 00 C3 01 00 00 00 00 02 15 01 00 DC 16 AB 16 
18:03:48:291->>>>-发送-68 00 3F 16 00 01 01 FF 00 39 80 3F 01 00 00 01 00 30 19 28 00 CC 08 05 00 00 01 02 03 04 05 00 CC CC CC CC CC CC 11 F0 00 00 81 01 0F 00 01 00 68 0F 00 43 01 00 00 00 00 00 01 01 00 C6 16 9F 43 44 43 B1 16 
