15:00:23:756->>>>-发送-68 0F 00 C3 01 00 00 00 00 00 F0 20 03 D7 16 
15:00:25:860-<<<<-接收-68 17 00 C3 00 00 00 00 00 04 F0 04 03 01 17 00 00 00 00 00 01 D7 16 
15:00:27:418->>>>-发送-68 10 00 C3 01 00 00 00 00 01 F0 80 03 01 39 16 
15:00:27:501-<<<<-接收-68 15 00 83 00 00 00 00 06 01 00 01 00 00 00 00 00 00 00 8B 16 
15:00:30:692->>>>-发送-68 2C 00 C3 05 00 00 00 00 03 01 BE BE BE BE BE 17 00 00 00 00 00 F0 80 00 0F 00 68 0F 00 C3 01 00 00 00 00 02 F0 02 01 B9 16 17 16 
15:00:31:412-<<<<-接收-68 2E 00 83 04 00 00 00 00 03 17 00 00 00 00 00 01 BE BE BE BE BE F0 80 00 11 00 68 11 00 83 00 20 00 00 00 02 F0 02 01 18 00 B0 16 C8 16 
15:00:31:418->>>>-发送-68 2F 00 C3 05 00 00 00 00 05 01 BE BE BE BE BE 17 00 00 00 00 00 F0 80 00 12 00 68 12 00 C3 01 00 00 00 00 04 F0 01 01 00 00 14 CE 16 49 16 
15:00:32:275-<<<<-接收-68 49 01 83 04 00 00 00 00 05 17 00 00 00 00 00 01 BE BE BE BE BE F0 80 00 2C 01 68 2C 01 83 00 20 00 00 00 04 F0 01 01 18 00 00 00 14 34 00 00 00 00 00 02 00 01 00 62 00 00 00 35 00 00 00 00 00 03 00 01 00 42 64 00 00 12 00 00 00 00 00 04 00 01 00 42 61 00 00 23 00 00 00 00 00 05 00 01 00 42 62 00 00 22 00 00 00 00 00 06 00 01 00 62 63 00 00 26 00 00 00 00 00 07 00 01 00 42 63 00 00 25 00 00 00 00 00 08 00 01 00 42 63 00 00 33 00 00 00 00 00 09 00 01 00 42 63 00 00 31 00 00 00 00 00 0A 00 01 00 42 63 00 00 32 00 00 00 00 00 0B 00 01 00 42 63 00 00 41 00 00 00 00 00 0C 00 01 00 42 63 00 00 36 00 00 00 00 00 0D 00 01 00 42 68 00 00 42 00 00 00 00 00 0E 00 01 00 42 63 00 00 45 00 00 00 00 00 0F 00 01 00 42 63 00 00 37 00 00 00 00 00 10 00 01 00 42 63 00 00 11 00 00 00 00 00 11 00 02 00 43 63 00 00 14 00 00 00 00 00 12 00 02 00 63 63 00 00 21 00 00 00 00 00 13 00 02 00 43 60 00 00 44 00 00 00 00 00 14 00 02 00 43 63 00 00 27 00 00 00 00 00 15 00 02 00 43 63 00 00 31 16 04 16 
15:00:32:282->>>>-发送-68 2F 00 C3 05 00 00 00 00 07 01 BE BE BE BE BE 17 00 00 00 00 00 F0 80 00 12 00 68 12 00 C3 01 00 00 00 00 06 F0 01 01 14 00 04 D4 16 57 16 
15:00:33:003-<<<<-接收-68 69 00 83 04 00 00 00 00 07 17 00 00 00 00 00 01 BE BE BE BE BE F0 80 00 4C 00 68 4C 00 83 00 20 00 00 00 06 F0 01 01 18 00 14 00 04 16 00 00 00 00 00 16 00 12 00 44 63 00 00 13 00 00 00 00 00 17 00 12 00 44 63 00 00 15 00 00 00 00 00 18 00 06 00 43 6C 00 00 01 BE BE BE BE BE FE 03 00 00 00 00 00 00 2D 16 3C 16 
15:00:54:355->>>>-发送-68 2C 00 C3 05 00 00 00 00 08 01 BE BE BE BE BE 17 00 00 00 00 00 F0 80 00 0F 00 68 0F 00 43 01 00 00 00 00 00 10 01 00 55 16 54 16 
15:00:55:042-<<<<-接收-68 30 00 83 04 00 00 00 00 08 17 00 00 00 00 00 01 BE BE BE BE BE F0 80 00 13 00 68 13 00 83 00 00 00 00 00 00 10 01 00 19 00 F8 07 AC 16 C9 16 
15:00:55:050->>>>-发送-68 2F 00 C3 05 00 00 00 00 09 01 BE BE BE BE BE 17 00 00 00 00 00 F0 80 00 12 00 68 12 00 43 01 00 00 00 00 00 F0 80 03 01 00 01 B9 16 23 16 
15:00:56:164-<<<<-接收-68 80 00 83 04 00 00 00 00 09 17 00 00 00 00 00 01 BE BE BE BE BE F0 80 00 63 00 68 63 00 83 00 00 00 00 00 00 F0 80 03 11 00 00 00 00 00 00 00 00 00 00 00 00 00 00 00 00 00 01 00 00 00 00 00 00 00 00 00 00 00 05 00 00 00 00 00 00 00 00 00 0F 00 00 00 0F 00 00 00 00 00 00 00 00 00 00 00 00 00 00 00 00 00 00 00 00 00 00 00 00 00 00 00 00 00 00 00 00 00 00 00 00 00 00 00 2B 16 68 16 
15:00:56:330->>>>-发送-68 2F 00 C3 05 00 00 00 00 0A 01 BE BE BE BE BE 17 00 00 00 00 00 F0 80 00 12 00 68 12 00 43 01 00 00 00 00 00 F0 80 03 02 00 01 BA 16 26 16 
15:00:57:806-<<<<-接收-68 80 00 83 04 00 00 00 00 0A 17 00 00 00 00 00 01 BE BE BE BE BE F0 80 00 63 00 68 63 00 83 00 00 00 00 00 00 F0 80 03 12 00 00 00 00 00 00 00 00 00 00 00 00 00 00 00 00 00 02 00 00 00 00 00 00 00 00 00 00 00 04 00 00 00 00 00 00 00 00 00 05 00 00 00 02 00 00 00 05 00 00 00 00 00 00 00 00 00 00 00 00 00 00 00 00 00 00 00 00 00 00 00 00 00 00 00 00 00 00 00 00 00 00 00 1A 16 47 16 
15:00:57:965->>>>-发送-68 2F 00 C3 05 00 00 00 00 0B 01 BE BE BE BE BE 17 00 00 00 00 00 F0 80 00 12 00 68 12 00 43 01 00 00 00 00 00 F0 80 03 03 00 01 BB 16 29 16 
15:00:59:119-<<<<-接收-68 80 00 83 04 00 00 00 00 0B 17 00 00 00 00 00 01 BE BE BE BE BE F0 80 00 63 00 68 63 00 83 00 00 00 00 00 00 F0 80 03 13 00 00 00 00 00 00 00 00 00 00 00 00 00 00 00 00 00 01 00 00 00 00 00 00 00 00 00 00 00 0E 00 00 00 00 00 00 00 00 00 19 00 00 00 19 00 00 00 00 00 00 00 00 00 00 00 00 00 00 00 00 00 00 00 00 00 00 00 00 00 00 00 00 00 00 00 00 00 00 00 00 00 00 00 4A 16 A8 16 
15:00:59:283->>>>-发送-68 2F 00 C3 05 00 00 00 00 0C 01 BE BE BE BE BE 17 00 00 00 00 00 F0 80 00 12 00 68 12 00 43 01 00 00 00 00 00 F0 80 03 04 00 01 BC 16 2C 16 
15:01:00:317-<<<<-接收-68 80 00 83 04 00 00 00 00 0C 17 00 00 00 00 00 01 BE BE BE BE BE F0 80 00 63 00 68 63 00 83 00 00 00 00 00 00 F0 80 03 14 00 00 00 00 00 00 00 00 00 00 00 00 00 00 00 00 00 01 00 00 00 00 00 00 00 00 00 00 00 05 00 00 00 00 00 00 00 00 00 12 00 00 00 12 00 00 00 00 00 00 00 00 00 00 00 00 00 00 00 00 00 00 00 00 00 00 00 00 00 00 00 00 00 00 00 00 00 00 00 00 00 00 00 34 16 7D 16 
15:01:00:497->>>>-发送-68 2F 00 C3 05 00 00 00 00 0D 01 BE BE BE BE BE 17 00 00 00 00 00 F0 80 00 12 00 68 12 00 43 01 00 00 00 00 00 F0 80 03 05 00 01 BD 16 2F 16 
15:01:01:675-<<<<-接收-68 80 00 83 04 00 00 00 00 0D 17 00 00 00 00 00 01 BE BE BE BE BE F0 80 00 63 00 68 63 00 83 00 00 00 00 00 00 F0 80 03 15 00 00 00 00 00 00 00 00 00 00 00 00 00 00 00 00 00 06 00 00 00 00 00 00 00 00 00 00 00 04 00 00 00 00 00 00 00 00 00 5A 00 00 00 1E 00 00 00 1D 00 00 00 1C 00 00 00 1E 00 00 00 0A 00 00 00 5A 00 00 00 00 00 00 00 00 00 00 00 00 00 00 00 00 00 00 00 48 16 A6 16 
15:01:01:840->>>>-发送-68 2F 00 C3 05 00 00 00 00 0E 01 BE BE BE BE BE 17 00 00 00 00 00 F0 80 00 12 00 68 12 00 43 01 00 00 00 00 00 F0 80 03 06 00 01 BE 16 32 16 
15:01:02:999-<<<<-接收-68 80 00 83 04 00 00 00 00 0E 17 00 00 00 00 00 01 BE BE BE BE BE F0 80 00 63 00 68 63 00 83 00 00 00 00 00 00 F0 80 03 16 00 00 00 00 00 00 00 00 00 00 00 00 00 00 00 00 00 01 00 00 00 00 00 00 00 00 00 00 00 09 00 00 00 00 00 00 00 00 00 19 00 00 00 19 00 00 00 00 00 00 00 00 00 00 00 00 00 00 00 00 00 00 00 00 00 00 00 00 00 00 00 00 00 00 00 00 00 00 00 00 00 00 00 48 16 A7 16 
15:01:03:154->>>>-发送-68 2F 00 C3 05 00 00 00 00 0F 01 BE BE BE BE BE 17 00 00 00 00 00 F0 80 00 12 00 68 12 00 43 01 00 00 00 00 00 F0 80 03 07 00 01 BF 16 35 16 
15:01:04:309-<<<<-接收-68 80 00 83 04 00 00 00 00 0F 17 00 00 00 00 00 01 BE BE BE BE BE F0 80 00 63 00 68 63 00 83 00 00 00 00 00 00 F0 80 03 21 00 00 00 00 00 00 00 00 00 00 00 00 00 00 00 00 00 01 00 00 00 00 00 00 00 00 00 00 00 05 00 00 00 00 00 00 00 00 00 10 00 00 00 10 00 00 00 00 00 00 00 00 00 00 00 00 00 00 00 00 00 00 00 00 00 00 00 00 00 00 00 00 00 00 00 00 00 00 00 00 00 00 00 3D 16 92 16 
15:01:04:472->>>>-发送-68 2F 00 C3 05 00 00 00 00 10 01 BE BE BE BE BE 17 00 00 00 00 00 F0 80 00 12 00 68 12 00 43 01 00 00 00 00 00 F0 80 03 08 00 01 C0 16 38 16 
15:01:05:661-<<<<-接收-68 80 00 83 04 00 00 00 00 10 17 00 00 00 00 00 01 BE BE BE BE BE F0 80 00 63 00 68 63 00 83 00 00 00 00 00 00 F0 80 03 22 00 00 00 00 00 00 00 00 00 00 00 00 00 00 00 00 00 02 00 00 00 00 00 00 00 00 00 00 00 06 00 00 00 00 00 00 00 00 00 07 00 00 00 02 00 00 00 07 00 00 00 00 00 00 00 00 00 00 00 00 00 00 00 00 00 00 00 00 00 00 00 00 00 00 00 00 00 00 00 00 00 00 00 30 16 79 16 
15:01:05:830->>>>-发送-68 2F 00 C3 05 00 00 00 00 11 01 BE BE BE BE BE 17 00 00 00 00 00 F0 80 00 12 00 68 12 00 43 01 00 00 00 00 00 F0 80 03 09 00 01 C1 16 3B 16 
15:01:06:979-<<<<-接收-68 80 00 83 04 00 00 00 00 11 17 00 00 00 00 00 01 BE BE BE BE BE F0 80 00 63 00 68 63 00 83 00 00 00 00 00 00 F0 80 03 23 00 00 00 00 00 00 00 00 00 00 00 00 00 00 00 00 00 02 00 00 00 00 00 00 00 00 00 00 00 05 00 00 00 00 00 00 00 00 00 03 00 00 00 03 00 00 00 03 00 00 00 00 00 00 00 00 00 00 00 00 00 00 00 00 00 00 00 00 00 00 00 00 00 00 00 00 00 00 00 00 00 00 00 29 16 6C 16 
15:01:07:153->>>>-发送-68 2F 00 C3 05 00 00 00 00 12 01 BE BE BE BE BE 17 00 00 00 00 00 F0 80 00 12 00 68 12 00 43 01 00 00 00 00 00 F0 80 03 0A 00 01 C2 16 3E 16 
15:01:07:925-<<<<-接收-68 2D 00 83 04 00 00 00 00 12 17 00 00 00 00 00 01 BE BE BE BE BE F0 80 00 10 00 68 10 00 83 00 00 00 00 1E 00 00 02 00 0C AF 16 D3 16 
15:01:07:938->>>>-发送-68 2F 00 C3 05 00 00 00 00 13 01 BE BE BE BE BE 17 00 00 00 00 00 F0 80 00 12 00 68 12 00 43 01 00 00 00 00 00 F0 80 03 0B 00 01 C3 16 41 16 
15:01:09:107-<<<<-接收-68 80 00 83 04 00 00 00 00 13 17 00 00 00 00 00 01 BE BE BE BE BE F0 80 00 63 00 68 63 00 83 00 00 00 00 00 00 F0 80 03 25 00 00 00 00 00 00 00 00 00 00 00 00 00 00 00 00 00 02 00 00 00 00 00 00 00 00 00 00 00 06 00 00 00 00 00 00 00 00 00 04 00 00 00 03 00 00 00 04 00 00 00 00 00 00 00 00 00 00 00 00 00 00 00 00 00 00 00 00 00 00 00 00 00 00 00 00 00 00 00 00 00 00 00 2E 16 78 16 
15:01:09:272->>>>-发送-68 2F 00 C3 05 00 00 00 00 14 01 BE BE BE BE BE 17 00 00 00 00 00 F0 80 00 12 00 68 12 00 43 01 00 00 00 00 00 F0 80 03 0C 00 01 C4 16 44 16 
15:01:10:354-<<<<-接收-68 80 00 83 04 00 00 00 00 14 17 00 00 00 00 00 01 BE BE BE BE BE F0 80 00 63 00 68 63 00 83 00 00 00 00 00 00 F0 80 03 26 00 00 00 00 00 00 00 00 00 00 00 00 00 00 00 00 00 02 00 00 00 00 00 00 00 00 00 00 00 04 00 00 00 00 00 00 00 00 00 04 00 00 00 02 00 00 00 04 00 00 00 00 00 00 00 00 00 00 00 00 00 00 00 00 00 00 00 00 00 00 00 00 00 00 00 00 00 00 00 00 00 00 00 2C 16 75 16 
15:01:10:521->>>>-发送-68 2F 00 C3 05 00 00 00 00 15 01 BE BE BE BE BE 17 00 00 00 00 00 F0 80 00 12 00 68 12 00 43 01 00 00 00 00 00 F0 80 03 0D 00 01 C5 16 47 16 
15:01:11:666-<<<<-接收-68 80 00 83 04 00 00 00 00 15 17 00 00 00 00 00 01 BE BE BE BE BE F0 80 00 63 00 68 63 00 83 00 00 00 00 00 00 F0 80 03 27 00 00 00 00 00 00 00 00 00 00 00 00 00 00 00 00 00 01 00 00 00 00 00 00 00 00 00 00 00 04 00 00 00 00 00 00 00 00 00 11 00 00 00 11 00 00 00 00 00 00 00 00 00 00 00 00 00 00 00 00 00 00 00 00 00 00 00 00 00 00 00 00 00 00 00 00 00 00 00 00 00 00 00 44 16 A6 16 
15:01:11:833->>>>-发送-68 2F 00 C3 05 00 00 00 00 16 01 BE BE BE BE BE 17 00 00 00 00 00 F0 80 00 12 00 68 12 00 43 01 00 00 00 00 00 F0 80 03 0E 00 01 C6 16 4A 16 
15:01:12:913-<<<<-接收-68 80 00 83 04 00 00 00 00 16 17 00 00 00 00 00 01 BE BE BE BE BE F0 80 00 63 00 68 63 00 83 00 00 00 00 00 00 F0 80 03 31 00 00 00 00 00 00 00 00 00 00 00 00 00 00 00 00 00 02 00 00 00 00 00 00 00 00 00 00 00 21 00 00 00 00 00 00 00 00 00 04 00 00 00 04 00 00 00 03 00 00 00 00 00 00 00 00 00 00 00 00 00 00 00 00 00 00 00 00 00 00 00 00 00 00 00 00 00 00 00 00 00 00 00 55 16 C9 16 
15:01:13:085->>>>-发送-68 2F 00 C3 05 00 00 00 00 17 01 BE BE BE BE BE 17 00 00 00 00 00 F0 80 00 12 00 68 12 00 43 01 00 00 00 00 00 F0 80 03 0F 00 01 C7 16 4D 16 
15:01:14:094-<<<<-接收-68 80 00 83 04 00 00 00 00 17 17 00 00 00 00 00 01 BE BE BE BE BE F0 80 00 63 00 68 63 00 83 00 00 00 00 00 00 F0 80 03 32 00 00 00 00 00 00 00 00 00 00 00 00 00 00 00 00 00 02 00 00 00 00 00 00 00 00 00 00 00 1F 00 00 00 00 00 00 00 00 00 03 00 00 00 03 00 00 00 03 00 00 00 00 00 00 00 00 00 00 00 00 00 00 00 00 00 00 00 00 00 00 00 00 00 00 00 00 00 00 00 00 00 00 00 52 16 C4 16 
15:01:14:281->>>>-发送-68 2F 00 C3 05 00 00 00 00 18 01 BE BE BE BE BE 17 00 00 00 00 00 F0 80 00 12 00 68 12 00 43 01 00 00 00 00 00 F0 80 03 10 00 01 C8 16 50 16 
15:01:15:389-<<<<-接收-68 80 00 83 04 00 00 00 00 18 17 00 00 00 00 00 01 BE BE BE BE BE F0 80 00 63 00 68 63 00 83 00 00 00 00 00 00 F0 80 03 33 00 00 00 00 00 00 00 00 00 00 00 00 00 00 00 00 00 02 00 00 00 00 00 00 00 00 00 00 00 04 00 00 00 00 00 00 00 00 00 07 00 00 00 02 00 00 00 07 00 00 00 00 00 00 00 00 00 00 00 00 00 00 00 00 00 00 00 00 00 00 00 00 00 00 00 00 00 00 00 00 00 00 00 3F 16 9F 16 
15:01:15:546->>>>-发送-68 2F 00 C3 05 00 00 00 00 19 01 BE BE BE BE BE 17 00 00 00 00 00 F0 80 00 12 00 68 12 00 43 01 00 00 00 00 00 F0 80 03 11 00 01 C9 16 53 16 
15:01:16:626-<<<<-接收-68 80 00 83 04 00 00 00 00 19 17 00 00 00 00 00 01 BE BE BE BE BE F0 80 00 63 00 68 63 00 83 00 00 00 00 00 00 F0 80 03 34 00 00 00 00 00 00 00 00 00 00 00 00 00 00 00 00 00 01 00 00 00 00 00 00 00 00 00 00 00 06 00 00 00 00 00 00 00 00 00 0A 00 00 00 0A 00 00 00 00 00 00 00 00 00 00 00 00 00 00 00 00 00 00 00 00 00 00 00 00 00 00 00 00 00 00 00 00 00 00 00 00 00 00 00 45 16 AC 16 
15:01:16:779->>>>-发送-68 2F 00 C3 05 00 00 00 00 1A 01 BE BE BE BE BE 17 00 00 00 00 00 F0 80 00 12 00 68 12 00 43 01 00 00 00 00 00 F0 80 03 12 00 01 CA 16 56 16 
15:01:17:889-<<<<-接收-68 80 00 83 04 00 00 00 00 1A 17 00 00 00 00 00 01 BE BE BE BE BE F0 80 00 63 00 68 63 00 83 00 00 00 00 00 00 F0 80 03 35 00 00 00 00 00 00 00 00 00 00 00 00 00 00 00 00 00 01 00 00 00 00 00 00 00 00 00 00 00 06 00 00 00 00 00 00 00 00 00 0F 00 00 00 0F 00 00 00 00 00 00 00 00 00 00 00 00 00 00 00 00 00 00 00 00 00 00 00 00 00 00 00 00 00 00 00 00 00 00 00 00 00 00 00 50 16 C3 16 
15:01:18:073->>>>-发送-68 2F 00 C3 05 00 00 00 00 1B 01 BE BE BE BE BE 17 00 00 00 00 00 F0 80 00 12 00 68 12 00 43 01 00 00 00 00 00 F0 80 03 13 00 01 CB 16 59 16 
15:01:19:216-<<<<-接收-68 80 00 83 04 00 00 00 00 1B 17 00 00 00 00 00 01 BE BE BE BE BE F0 80 00 63 00 68 63 00 83 00 00 00 00 00 00 F0 80 03 36 00 00 00 00 00 00 00 00 00 00 00 00 00 00 00 00 00 02 00 00 00 00 00 00 00 00 00 00 00 06 00 00 00 00 00 00 00 00 00 03 00 00 00 02 00 00 00 03 00 00 00 00 00 00 00 00 00 00 00 00 00 00 00 00 00 00 00 00 00 00 00 00 00 00 00 00 00 00 00 00 00 00 00 3C 16 9C 16 
15:01:19:391->>>>-发送-68 2F 00 C3 05 00 00 00 00 1C 01 BE BE BE BE BE 17 00 00 00 00 00 F0 80 00 12 00 68 12 00 43 01 00 00 00 00 00 F0 80 03 14 00 01 CC 16 5C 16 
15:01:20:398-<<<<-接收-68 80 00 83 04 00 00 00 00 1C 17 00 00 00 00 00 01 BE BE BE BE BE F0 80 00 63 00 68 63 00 83 00 00 00 00 00 00 F0 80 03 37 00 00 00 00 00 00 00 00 00 00 00 00 00 00 00 00 00 02 00 00 00 00 00 00 00 00 00 00 00 05 00 00 00 00 00 00 00 00 00 08 00 00 00 04 00 00 00 08 00 00 00 00 00 00 00 00 00 00 00 00 00 00 00 00 00 00 00 00 00 00 00 00 00 00 00 00 00 00 00 00 00 00 00 48 16 B5 16 
15:01:20:572->>>>-发送-68 2F 00 C3 05 00 00 00 00 1D 01 BE BE BE BE BE 17 00 00 00 00 00 F0 80 00 12 00 68 12 00 43 01 00 00 00 00 00 F0 80 03 15 00 01 CD 16 5F 16 
15:01:21:644-<<<<-接收-68 80 00 83 04 00 00 00 00 1D 17 00 00 00 00 00 01 BE BE BE BE BE F0 80 00 63 00 68 63 00 83 00 00 00 00 00 00 F0 80 03 41 00 00 00 00 00 00 00 00 00 00 00 00 00 00 00 00 00 02 00 00 00 00 00 00 00 00 00 00 00 0F 00 00 00 00 00 00 00 00 00 04 00 00 00 03 00 00 00 04 00 00 00 00 00 00 00 00 00 00 00 00 00 00 00 00 00 00 00 00 00 00 00 00 00 00 00 00 00 00 00 00 00 00 00 53 16 CC 16 
15:01:21:825->>>>-发送-68 2F 00 C3 05 00 00 00 00 1E 01 BE BE BE BE BE 17 00 00 00 00 00 F0 80 00 12 00 68 12 00 43 01 00 00 00 00 00 F0 80 03 16 00 01 CE 16 62 16 
15:01:22:885-<<<<-接收-68 80 00 83 04 00 00 00 00 1E 17 00 00 00 00 00 01 BE BE BE BE BE F0 80 00 63 00 68 63 00 83 00 00 00 00 00 00 F0 80 03 42 00 00 00 00 00 00 00 00 00 00 00 00 00 00 00 00 00 02 00 00 00 00 00 00 00 00 00 00 00 05 00 00 00 00 00 00 00 00 00 04 00 00 00 02 00 00 00 04 00 00 00 00 00 00 00 00 00 00 00 00 00 00 00 00 00 00 00 00 00 00 00 00 00 00 00 00 00 00 00 00 00 00 00 49 16 B9 16 
15:01:23:056->>>>-发送-68 2F 00 C3 05 00 00 00 00 1F 01 BE BE BE BE BE 17 00 00 00 00 00 F0 80 00 12 00 68 12 00 43 01 00 00 00 00 00 F0 80 03 17 00 01 CF 16 65 16 
15:01:23:733-<<<<-接收-68 2D 00 83 04 00 00 00 00 1F 17 00 00 00 00 00 01 BE BE BE BE BE F0 80 00 10 00 68 10 00 83 00 00 00 00 36 00 00 02 00 0C C7 16 10 16 
15:01:23:750->>>>-发送-68 2F 00 C3 05 00 00 00 00 20 01 BE BE BE BE BE 17 00 00 00 00 00 F0 80 00 12 00 68 12 00 43 01 00 00 00 00 00 F0 80 03 18 00 01 D0 16 68 16 
15:01:24:899-<<<<-接收-68 80 00 83 04 00 00 00 00 20 17 00 00 00 00 00 01 BE BE BE BE BE F0 80 00 63 00 68 63 00 83 00 00 00 00 00 00 F0 80 03 44 00 00 00 00 00 00 00 00 00 00 00 00 00 00 00 00 00 01 00 00 00 00 00 00 00 00 00 00 00 04 00 00 00 00 00 00 00 00 00 13 00 00 00 13 00 00 00 00 00 00 00 00 00 00 00 00 00 00 00 00 00 00 00 00 00 00 00 00 00 00 00 00 00 00 00 00 00 00 00 00 00 00 00 65 16 F3 16 
15:01:25:064->>>>-发送-68 2F 00 C3 05 00 00 00 00 21 01 BE BE BE BE BE 17 00 00 00 00 00 F0 80 00 12 00 68 12 00 43 01 00 00 00 00 00 F0 80 03 19 00 01 D1 16 6B 16 
15:01:26:101-<<<<-接收-68 80 00 83 04 00 00 00 00 21 17 00 00 00 00 00 01 BE BE BE BE BE F0 80 00 63 00 68 63 00 83 00 00 00 00 00 00 F0 80 03 45 00 00 00 00 00 00 00 00 00 00 00 00 00 00 00 00 00 02 00 00 00 00 00 00 00 00 00 00 00 05 00 00 00 00 00 00 00 00 00 07 00 00 00 02 00 00 00 07 00 00 00 00 00 00 00 00 00 00 00 00 00 00 00 00 00 00 00 00 00 00 00 00 00 00 00 00 00 00 00 00 00 00 00 52 16 CE 16 
15:03:24:287->>>>-发送-68 2C 00 C3 05 00 00 00 00 22 01 BE BE BE BE BE 17 00 00 00 00 00 F0 80 00 0F 00 68 0F 00 43 01 00 00 00 00 00 10 01 00 55 16 6E 16 
15:03:24:968-<<<<-接收-68 30 00 83 04 00 00 00 00 22 17 00 00 00 00 00 01 BE BE BE BE BE F0 80 00 13 00 68 13 00 83 00 00 00 00 00 00 10 01 00 19 00 F8 07 AC 16 E3 16 
15:03:24:979->>>>-发送-68 2F 00 C3 05 00 00 00 00 23 01 BE BE BE BE BE 17 00 00 00 00 00 F0 80 00 12 00 68 12 00 43 01 00 00 00 00 00 F0 80 03 01 00 01 B9 16 3D 16 
15:03:26:104-<<<<-接收-68 80 00 83 04 00 00 00 00 23 17 00 00 00 00 00 01 BE BE BE BE BE F0 80 00 63 00 68 63 00 83 00 00 00 00 00 00 F0 80 03 11 00 00 00 00 00 00 00 00 00 00 00 00 00 00 00 00 00 01 00 00 00 00 00 00 00 00 00 00 00 05 00 00 00 00 00 00 00 00 00 0F 00 00 00 0F 00 00 00 00 00 00 00 00 00 00 00 00 00 00 00 00 00 00 00 00 00 00 00 00 00 00 00 00 00 00 00 00 00 00 00 00 00 00 00 2B 16 82 16 
15:03:26:254->>>>-发送-68 2F 00 C3 05 00 00 00 00 24 01 BE BE BE BE BE 17 00 00 00 00 00 F0 80 00 12 00 68 12 00 43 01 00 00 00 00 00 F0 80 03 02 00 01 BA 16 40 16 
15:03:27:307-<<<<-接收-68 80 00 83 04 00 00 00 00 24 17 00 00 00 00 00 01 BE BE BE BE BE F0 80 00 63 00 68 63 00 83 00 00 00 00 00 00 F0 80 03 12 00 00 00 00 00 00 00 00 00 00 00 00 00 00 00 00 00 02 00 00 00 00 00 00 00 00 00 00 00 04 00 00 00 00 00 00 00 00 00 05 00 00 00 02 00 00 00 05 00 00 00 00 00 00 00 00 00 00 00 00 00 00 00 00 00 00 00 00 00 00 00 00 00 00 00 00 00 00 00 00 00 00 00 1A 16 61 16 
15:03:27:461->>>>-发送-68 2F 00 C3 05 00 00 00 00 25 01 BE BE BE BE BE 17 00 00 00 00 00 F0 80 00 12 00 68 12 00 43 01 00 00 00 00 00 F0 80 03 03 00 01 BB 16 43 16 
15:03:28:690-<<<<-接收-68 80 00 83 04 00 00 00 00 25 17 00 00 00 00 00 01 BE BE BE BE BE F0 80 00 63 00 68 63 00 83 00 00 00 00 00 00 F0 80 03 13 00 00 00 00 00 00 00 00 00 00 00 00 00 00 00 00 00 01 00 00 00 00 00 00 00 00 00 00 00 0E 00 00 00 00 00 00 00 00 00 19 00 00 00 19 00 00 00 00 00 00 00 00 00 00 00 00 00 00 00 00 00 00 00 00 00 00 00 00 00 00 00 00 00 00 00 00 00 00 00 00 00 00 00 4A 16 C2 16 
15:03:28:855->>>>-发送-68 2F 00 C3 05 00 00 00 00 26 01 BE BE BE BE BE 17 00 00 00 00 00 F0 80 00 12 00 68 12 00 43 01 00 00 00 00 00 F0 80 03 04 00 01 BC 16 46 16 
15:03:29:990-<<<<-接收-68 80 00 83 04 00 00 00 00 26 17 00 00 00 00 00 01 BE BE BE BE BE F0 80 00 63 00 68 63 00 83 00 00 00 00 00 00 F0 80 03 14 00 00 00 00 00 00 00 00 00 00 00 00 00 00 00 00 00 01 00 00 00 00 00 00 00 00 00 00 00 05 00 00 00 00 00 00 00 00 00 12 00 00 00 12 00 00 00 00 00 00 00 00 00 00 00 00 00 00 00 00 00 00 00 00 00 00 00 00 00 00 00 00 00 00 00 00 00 00 00 00 00 00 00 34 16 97 16 
15:03:30:139->>>>-发送-68 2F 00 C3 05 00 00 00 00 27 01 BE BE BE BE BE 17 00 00 00 00 00 F0 80 00 12 00 68 12 00 43 01 00 00 00 00 00 F0 80 03 05 00 01 BD 16 49 16 
15:03:31:344-<<<<-接收-68 80 00 83 04 00 00 00 00 27 17 00 00 00 00 00 01 BE BE BE BE BE F0 80 00 63 00 68 63 00 83 00 00 00 00 00 00 F0 80 03 15 00 00 00 00 00 00 00 00 00 00 00 00 00 00 00 00 00 06 00 00 00 00 00 00 00 00 00 00 00 04 00 00 00 00 00 00 00 00 00 5A 00 00 00 1E 00 00 00 1D 00 00 00 1C 00 00 00 1E 00 00 00 0A 00 00 00 5A 00 00 00 00 00 00 00 00 00 00 00 00 00 00 00 00 00 00 00 48 16 C0 16 
15:03:31:498->>>>-发送-68 2F 00 C3 05 00 00 00 00 28 01 BE BE BE BE BE 17 00 00 00 00 00 F0 80 00 12 00 68 12 00 43 01 00 00 00 00 00 F0 80 03 06 00 01 BE 16 4C 16 
15:03:32:623-<<<<-接收-68 80 00 83 04 00 00 00 00 28 17 00 00 00 00 00 01 BE BE BE BE BE F0 80 00 63 00 68 63 00 83 00 00 00 00 00 00 F0 80 03 16 00 00 00 00 00 00 00 00 00 00 00 00 00 00 00 00 00 01 00 00 00 00 00 00 00 00 00 00 00 09 00 00 00 00 00 00 00 00 00 19 00 00 00 19 00 00 00 00 00 00 00 00 00 00 00 00 00 00 00 00 00 00 00 00 00 00 00 00 00 00 00 00 00 00 00 00 00 00 00 00 00 00 00 48 16 C1 16 
15:03:32:770->>>>-发送-68 2F 00 C3 05 00 00 00 00 29 01 BE BE BE BE BE 17 00 00 00 00 00 F0 80 00 12 00 68 12 00 43 01 00 00 00 00 00 F0 80 03 07 00 01 BF 16 4F 16 
15:03:33:856-<<<<-接收-68 80 00 83 04 00 00 00 00 29 17 00 00 00 00 00 01 BE BE BE BE BE F0 80 00 63 00 68 63 00 83 00 00 00 00 00 00 F0 80 03 21 00 00 00 00 00 00 00 00 00 00 00 00 00 00 00 00 00 01 00 00 00 00 00 00 00 00 00 00 00 05 00 00 00 00 00 00 00 00 00 10 00 00 00 10 00 00 00 00 00 00 00 00 00 00 00 00 00 00 00 00 00 00 00 00 00 00 00 00 00 00 00 00 00 00 00 00 00 00 00 00 00 00 00 3D 16 AC 16 
15:03:34:009->>>>-发送-68 2F 00 C3 05 00 00 00 00 2A 01 BE BE BE BE BE 17 00 00 00 00 00 F0 80 00 12 00 68 12 00 43 01 00 00 00 00 00 F0 80 03 08 00 01 C0 16 52 16 
15:03:35:057-<<<<-接收-68 80 00 83 04 00 00 00 00 2A 17 00 00 00 00 00 01 BE BE BE BE BE F0 80 00 63 00 68 63 00 83 00 00 00 00 00 00 F0 80 03 22 00 00 00 00 00 00 00 00 00 00 00 00 00 00 00 00 00 02 00 00 00 00 00 00 00 00 00 00 00 06 00 00 00 00 00 00 00 00 00 07 00 00 00 02 00 00 00 07 00 00 00 00 00 00 00 00 00 00 00 00 00 00 00 00 00 00 00 00 00 00 00 00 00 00 00 00 00 00 00 00 00 00 00 30 16 93 16 
15:03:35:212->>>>-发送-68 2F 00 C3 05 00 00 00 00 2B 01 BE BE BE BE BE 17 00 00 00 00 00 F0 80 00 12 00 68 12 00 43 01 00 00 00 00 00 F0 80 03 09 00 01 C1 16 55 16 
15:03:36:400-<<<<-接收-68 80 00 83 04 00 00 00 00 2B 17 00 00 00 00 00 01 BE BE BE BE BE F0 80 00 63 00 68 63 00 83 00 00 00 00 00 00 F0 80 03 23 00 00 00 00 00 00 00 00 00 00 00 00 00 00 00 00 00 02 00 00 00 00 00 00 00 00 00 00 00 05 00 00 00 00 00 00 00 00 00 03 00 00 00 03 00 00 00 03 00 00 00 00 00 00 00 00 00 00 00 00 00 00 00 00 00 00 00 00 00 00 00 00 00 00 00 00 00 00 00 00 00 00 00 29 16 86 16 
15:03:36:544->>>>-发送-68 2F 00 C3 05 00 00 00 00 2C 01 BE BE BE BE BE 17 00 00 00 00 00 F0 80 00 12 00 68 12 00 43 01 00 00 00 00 00 F0 80 03 0A 00 01 C2 16 58 16 
15:03:37:771-<<<<-接收-68 80 00 83 04 00 00 00 00 2C 17 00 00 00 00 00 01 BE BE BE BE BE F0 80 00 63 00 68 63 00 83 00 00 00 00 00 00 F0 80 03 24 00 00 00 00 00 00 00 00 00 00 00 00 00 00 00 00 00 01 00 00 00 00 00 00 00 00 00 00 00 04 00 00 00 00 00 00 00 00 00 0A 00 00 00 0A 00 00 00 00 00 00 00 00 00 00 00 00 00 00 00 00 00 00 00 00 00 00 00 00 00 00 00 00 00 00 00 00 00 00 00 00 00 00 00 33 16 9B 16 
15:03:37:917->>>>-发送-68 2F 00 C3 05 00 00 00 00 2D 01 BE BE BE BE BE 17 00 00 00 00 00 F0 80 00 12 00 68 12 00 43 01 00 00 00 00 00 F0 80 03 0B 00 01 C3 16 5B 16 
15:03:38:968-<<<<-接收-68 80 00 83 04 00 00 00 00 2D 17 00 00 00 00 00 01 BE BE BE BE BE F0 80 00 63 00 68 63 00 83 00 00 00 00 00 00 F0 80 03 25 00 00 00 00 00 00 00 00 00 00 00 00 00 00 00 00 00 02 00 00 00 00 00 00 00 00 00 00 00 06 00 00 00 00 00 00 00 00 00 04 00 00 00 03 00 00 00 04 00 00 00 00 00 00 00 00 00 00 00 00 00 00 00 00 00 00 00 00 00 00 00 00 00 00 00 00 00 00 00 00 00 00 00 2E 16 92 16 
15:03:39:125->>>>-发送-68 2F 00 C3 05 00 00 00 00 2E 01 BE BE BE BE BE 17 00 00 00 00 00 F0 80 00 12 00 68 12 00 43 01 00 00 00 00 00 F0 80 03 0C 00 01 C4 16 5E 16 
15:03:40:158-<<<<-接收-68 80 00 83 04 00 00 00 00 2E 17 00 00 00 00 00 01 BE BE BE BE BE F0 80 00 63 00 68 63 00 83 00 00 00 00 00 00 F0 80 03 26 00 00 00 00 00 00 00 00 00 00 00 00 00 00 00 00 00 02 00 00 00 00 00 00 00 00 00 00 00 04 00 00 00 00 00 00 00 00 00 04 00 00 00 02 00 00 00 04 00 00 00 00 00 00 00 00 00 00 00 00 00 00 00 00 00 00 00 00 00 00 00 00 00 00 00 00 00 00 00 00 00 00 00 2C 16 8F 16 
15:03:40:306->>>>-发送-68 2F 00 C3 05 00 00 00 00 2F 01 BE BE BE BE BE 17 00 00 00 00 00 F0 80 00 12 00 68 12 00 43 01 00 00 00 00 00 F0 80 03 0D 00 01 C5 16 61 16 
15:03:41:501-<<<<-接收-68 80 00 83 04 00 00 00 00 2F 17 00 00 00 00 00 01 BE BE BE BE BE F0 80 00 63 00 68 63 00 83 00 00 00 00 00 00 F0 80 03 27 00 00 00 00 00 00 00 00 00 00 00 00 00 00 00 00 00 01 00 00 00 00 00 00 00 00 00 00 00 04 00 00 00 00 00 00 00 00 00 11 00 00 00 11 00 00 00 00 00 00 00 00 00 00 00 00 00 00 00 00 00 00 00 00 00 00 00 00 00 00 00 00 00 00 00 00 00 00 00 00 00 00 00 44 16 C0 16 
15:03:41:655->>>>-发送-68 2F 00 C3 05 00 00 00 00 30 01 BE BE BE BE BE 17 00 00 00 00 00 F0 80 00 12 00 68 12 00 43 01 00 00 00 00 00 F0 80 03 0E 00 01 C6 16 64 16 
15:03:42:758-<<<<-接收-68 80 00 83 04 00 00 00 00 30 17 00 00 00 00 00 01 BE BE BE BE BE F0 80 00 63 00 68 63 00 83 00 00 00 00 00 00 F0 80 03 31 00 00 00 00 00 00 00 00 00 00 00 00 00 00 00 00 00 02 00 00 00 00 00 00 00 00 00 00 00 21 00 00 00 00 00 00 00 00 00 04 00 00 00 04 00 00 00 03 00 00 00 00 00 00 00 00 00 00 00 00 00 00 00 00 00 00 00 00 00 00 00 00 00 00 00 00 00 00 00 00 00 00 00 55 16 E3 16 
15:03:42:911->>>>-发送-68 2F 00 C3 05 00 00 00 00 31 01 BE BE BE BE BE 17 00 00 00 00 00 F0 80 00 12 00 68 12 00 43 01 00 00 00 00 00 F0 80 03 0F 00 01 C7 16 67 16 
15:03:43:994-<<<<-接收-68 80 00 83 04 00 00 00 00 31 17 00 00 00 00 00 01 BE BE BE BE BE F0 80 00 63 00 68 63 00 83 00 00 00 00 00 00 F0 80 03 32 00 00 00 00 00 00 00 00 00 00 00 00 00 00 00 00 00 02 00 00 00 00 00 00 00 00 00 00 00 1F 00 00 00 00 00 00 00 00 00 03 00 00 00 03 00 00 00 03 00 00 00 00 00 00 00 00 00 00 00 00 00 00 00 00 00 00 00 00 00 00 00 00 00 00 00 00 00 00 00 00 00 00 00 52 16 DE 16 
15:03:44:169->>>>-发送-68 2F 00 C3 05 00 00 00 00 32 01 BE BE BE BE BE 17 00 00 00 00 00 F0 80 00 12 00 68 12 00 43 01 00 00 00 00 00 F0 80 03 10 00 01 C8 16 6A 16 
15:03:45:251-<<<<-接收-68 80 00 83 04 00 00 00 00 32 17 00 00 00 00 00 01 BE BE BE BE BE F0 80 00 63 00 68 63 00 83 00 00 00 00 00 00 F0 80 03 33 00 00 00 00 00 00 00 00 00 00 00 00 00 00 00 00 00 02 00 00 00 00 00 00 00 00 00 00 00 04 00 00 00 00 00 00 00 00 00 07 00 00 00 02 00 00 00 07 00 00 00 00 00 00 00 00 00 00 00 00 00 00 00 00 00 00 00 00 00 00 00 00 00 00 00 00 00 00 00 00 00 00 00 3F 16 B9 16 
15:03:45:413->>>>-发送-68 2F 00 C3 05 00 00 00 00 33 01 BE BE BE BE BE 17 00 00 00 00 00 F0 80 00 12 00 68 12 00 43 01 00 00 00 00 00 F0 80 03 11 00 01 C9 16 6D 16 
15:03:46:421-<<<<-接收-68 80 00 83 04 00 00 00 00 33 17 00 00 00 00 00 01 BE BE BE BE BE F0 80 00 63 00 68 63 00 83 00 00 00 00 00 00 F0 80 03 34 00 00 00 00 00 00 00 00 00 00 00 00 00 00 00 00 00 01 00 00 00 00 00 00 00 00 00 00 00 06 00 00 00 00 00 00 00 00 00 0A 00 00 00 0A 00 00 00 00 00 00 00 00 00 00 00 00 00 00 00 00 00 00 00 00 00 00 00 00 00 00 00 00 00 00 00 00 00 00 00 00 00 00 00 45 16 C6 16 
15:03:46:575->>>>-发送-68 2F 00 C3 05 00 00 00 00 34 01 BE BE BE BE BE 17 00 00 00 00 00 F0 80 00 12 00 68 12 00 43 01 00 00 00 00 00 F0 80 03 12 00 01 CA 16 70 16 
15:03:47:669-<<<<-接收-68 80 00 83 04 00 00 00 00 34 17 00 00 00 00 00 01 BE BE BE BE BE F0 80 00 63 00 68 63 00 83 00 00 00 00 00 00 F0 80 03 35 00 00 00 00 00 00 00 00 00 00 00 00 00 00 00 00 00 01 00 00 00 00 00 00 00 00 00 00 00 06 00 00 00 00 00 00 00 00 00 0F 00 00 00 0F 00 00 00 00 00 00 00 00 00 00 00 00 00 00 00 00 00 00 00 00 00 00 00 00 00 00 00 00 00 00 00 00 00 00 00 00 00 00 00 50 16 DD 16 
15:03:47:824->>>>-发送-68 2F 00 C3 05 00 00 00 00 35 01 BE BE BE BE BE 17 00 00 00 00 00 F0 80 00 12 00 68 12 00 43 01 00 00 00 00 00 F0 80 03 13 00 01 CB 16 73 16 
15:03:49:156-<<<<-接收-68 80 00 83 04 00 00 00 00 35 17 00 00 00 00 00 01 BE BE BE BE BE F0 80 00 63 00 68 63 00 83 00 00 00 00 00 00 F0 80 03 36 00 00 00 00 00 00 00 00 00 00 00 00 00 00 00 00 00 02 00 00 00 00 00 00 00 00 00 00 00 06 00 00 00 00 00 00 00 00 00 03 00 00 00 02 00 00 00 03 00 00 00 00 00 00 00 00 00 00 00 00 00 00 00 00 00 00 00 00 00 00 00 00 00 00 00 00 00 00 00 00 00 00 00 3C 16 B6 16 
15:03:49:308->>>>-发送-68 2F 00 C3 05 00 00 00 00 36 01 BE BE BE BE BE 17 00 00 00 00 00 F0 80 00 12 00 68 12 00 43 01 00 00 00 00 00 F0 80 03 14 00 01 CC 16 76 16 
15:03:50:399-<<<<-接收-68 80 00 83 04 00 00 00 00 36 17 00 00 00 00 00 01 BE BE BE BE BE F0 80 00 63 00 68 63 00 83 00 00 00 00 00 00 F0 80 03 37 00 00 00 00 00 00 00 00 00 00 00 00 00 00 00 00 00 02 00 00 00 00 00 00 00 00 00 00 00 05 00 00 00 00 00 00 00 00 00 08 00 00 00 04 00 00 00 08 00 00 00 00 00 00 00 00 00 00 00 00 00 00 00 00 00 00 00 00 00 00 00 00 00 00 00 00 00 00 00 00 00 00 00 48 16 CF 16 
15:03:50:554->>>>-发送-68 2F 00 C3 05 00 00 00 00 37 01 BE BE BE BE BE 17 00 00 00 00 00 F0 80 00 12 00 68 12 00 43 01 00 00 00 00 00 F0 80 03 15 00 01 CD 16 79 16 
15:03:51:616-<<<<-接收-68 80 00 83 04 00 00 00 00 37 17 00 00 00 00 00 01 BE BE BE BE BE F0 80 00 63 00 68 63 00 83 00 00 00 00 00 00 F0 80 03 41 00 00 00 00 00 00 00 00 00 00 00 00 00 00 00 00 00 02 00 00 00 00 00 00 00 00 00 00 00 0F 00 00 00 00 00 00 00 00 00 04 00 00 00 03 00 00 00 04 00 00 00 00 00 00 00 00 00 00 00 00 00 00 00 00 00 00 00 00 00 00 00 00 00 00 00 00 00 00 00 00 00 00 00 53 16 E6 16 
15:03:51:771->>>>-发送-68 2F 00 C3 05 00 00 00 00 38 01 BE BE BE BE BE 17 00 00 00 00 00 F0 80 00 12 00 68 12 00 43 01 00 00 00 00 00 F0 80 03 16 00 01 CE 16 7C 16 
15:03:52:876-<<<<-接收-68 80 00 83 04 00 00 00 00 38 17 00 00 00 00 00 01 BE BE BE BE BE F0 80 00 63 00 68 63 00 83 00 00 00 00 00 00 F0 80 03 42 00 00 00 00 00 00 00 00 00 00 00 00 00 00 00 00 00 02 00 00 00 00 00 00 00 00 00 00 00 05 00 00 00 00 00 00 00 00 00 04 00 00 00 02 00 00 00 04 00 00 00 00 00 00 00 00 00 00 00 00 00 00 00 00 00 00 00 00 00 00 00 00 00 00 00 00 00 00 00 00 00 00 00 49 16 D3 16 
15:03:53:030->>>>-发送-68 2F 00 C3 05 00 00 00 00 39 01 BE BE BE BE BE 17 00 00 00 00 00 F0 80 00 12 00 68 12 00 43 01 00 00 00 00 00 F0 80 03 17 00 01 CF 16 7F 16 
15:03:53:709-<<<<-接收-68 2D 00 83 04 00 00 00 00 39 17 00 00 00 00 00 01 BE BE BE BE BE F0 80 00 10 00 68 10 00 83 F8 F0 00 00 00 00 00 02 00 0C 79 16 8E 16 
15:03:53:721->>>>-发送-68 2F 00 C3 05 00 00 00 00 3A 01 BE BE BE BE BE 17 00 00 00 00 00 F0 80 00 12 00 68 12 00 43 01 00 00 00 00 00 F0 80 03 18 00 01 D0 16 82 16 
15:03:54:846-<<<<-接收-68 80 00 83 04 00 00 00 00 3A 17 00 00 00 00 00 01 BE BE BE BE BE F0 80 00 63 00 68 63 00 83 00 00 00 00 00 00 F0 80 03 44 00 00 00 00 00 00 00 00 00 00 00 00 00 00 00 00 00 01 00 00 00 00 00 00 00 00 00 00 00 04 00 00 00 00 00 00 00 00 00 13 00 00 00 13 00 00 00 00 00 00 00 00 00 00 00 00 00 00 00 00 00 00 00 00 00 00 00 00 00 00 00 00 00 00 00 00 00 00 00 00 00 00 00 65 16 0D 16 
15:03:54:995->>>>-发送-68 2F 00 C3 05 00 00 00 00 3B 01 BE BE BE BE BE 17 00 00 00 00 00 F0 80 00 12 00 68 12 00 43 01 00 00 00 00 00 F0 80 03 19 00 01 D1 16 85 16 
15:03:56:031-<<<<-接收-68 80 00 83 04 00 00 00 00 3B 17 00 00 00 00 00 01 BE BE BE BE BE F0 80 00 63 00 68 63 00 83 00 00 00 00 00 00 F0 80 03 45 00 00 00 00 00 00 00 00 00 00 00 00 00 00 00 00 00 02 00 00 00 00 00 00 00 00 00 00 00 05 00 00 00 00 00 00 00 00 00 07 00 00 00 02 00 00 00 07 00 00 00 00 00 00 00 00 00 00 00 00 00 00 00 00 00 00 00 00 00 00 00 00 00 00 00 00 00 00 00 00 00 00 00 52 16 E8 16 
15:20:13:136->>>>-发送-68 0F 00 C3 01 00 00 00 00 00 F0 20 03 D7 16 
15:20:15:245-<<<<-接收-68 17 00 C3 00 00 00 00 00 0A F0 04 03 01 17 00 00 00 00 00 01 DD 16 
15:20:16:719->>>>-发送-68 10 00 C3 01 00 00 00 00 01 F0 80 03 01 39 16 
15:20:16:805-<<<<-接收-68 15 00 83 00 00 00 00 06 01 00 01 00 00 00 00 00 00 00 8B 16 
15:20:20:428->>>>-发送-68 2C 00 C3 05 00 00 00 00 03 01 BE BE BE BE BE 17 00 00 00 00 00 F0 80 00 0F 00 68 0F 00 C3 01 00 00 00 00 02 F0 02 01 B9 16 17 16 
15:20:21:169-<<<<-接收-68 2E 00 83 04 00 00 00 00 03 17 00 00 00 00 00 01 BE BE BE BE BE F0 80 00 11 00 68 11 00 83 00 20 00 00 00 02 F0 02 01 19 00 B1 16 CA 16 
15:20:21:172->>>>-发送-68 2F 00 C3 05 00 00 00 00 05 01 BE BE BE BE BE 17 00 00 00 00 00 F0 80 00 12 00 68 12 00 C3 01 00 00 00 00 04 F0 01 01 00 00 14 CE 16 49 16 
15:20:22:131-<<<<-接收-68 49 01 83 04 00 00 00 00 05 17 00 00 00 00 00 01 BE BE BE BE BE F0 80 00 2C 01 68 2C 01 83 00 20 00 00 00 04 F0 01 01 19 00 00 00 14 34 00 00 00 00 00 02 00 01 00 62 00 00 00 35 00 00 00 00 00 03 00 01 00 42 64 00 00 12 00 00 00 00 00 04 00 01 00 42 63 00 00 23 00 00 00 00 00 05 00 01 00 42 63 00 00 22 00 00 00 00 00 06 00 01 00 62 63 00 00 26 00 00 00 00 00 07 00 01 00 42 64 00 00 25 00 00 00 00 00 08 00 01 00 42 63 00 00 33 00 00 00 00 00 09 00 01 00 42 64 00 00 31 00 00 00 00 00 0A 00 01 00 42 63 00 00 32 00 00 00 00 00 0B 00 01 00 42 63 00 00 41 00 00 00 00 00 0C 00 01 00 42 63 00 00 36 00 00 00 00 00 0D 00 01 00 42 6F 00 00 42 00 00 00 00 00 0E 00 01 00 42 64 00 00 45 00 00 00 00 00 0F 00 01 00 42 63 00 00 37 00 00 00 00 00 10 00 01 00 42 63 00 00 11 00 00 00 00 00 11 00 02 00 43 63 00 00 14 00 00 00 00 00 12 00 02 00 63 63 00 00 21 00 00 00 00 00 13 00 02 00 43 62 00 00 44 00 00 00 00 00 14 00 02 00 43 63 00 00 27 00 00 00 00 00 15 00 02 00 43 63 00 00 41 16 24 16 
15:20:22:137->>>>-发送-68 2F 00 C3 05 00 00 00 00 07 01 BE BE BE BE BE 17 00 00 00 00 00 F0 80 00 12 00 68 12 00 C3 01 00 00 00 00 06 F0 01 01 14 00 05 D5 16 59 16 
15:20:22:912-<<<<-接收-68 77 00 83 04 00 00 00 00 07 17 00 00 00 00 00 01 BE BE BE BE BE F0 80 00 5A 00 68 5A 00 83 00 20 00 00 00 06 F0 01 01 19 00 14 00 05 16 00 00 00 00 00 16 00 12 00 44 63 00 00 13 00 00 00 00 00 17 00 12 00 44 63 00 00 15 00 00 00 00 00 18 00 06 00 43 65 00 00 24 00 00 00 00 00 19 00 02 00 43 63 00 00 01 BE BE BE BE BE FE 03 00 00 00 00 00 00 0D 16 18 16 
