10:46:49:582->>>>-发送-68 00 00 0C 00 16 
10:47:15:904->>>>-发送-68 00 42 16 00 01 01 FF 00 3C 80 3F 01 00 00 01 00 30 1C 28 00 CC 08 05 00 00 01 02 03 04 05 00 00 00 00 00 00 01 11 01 00 00 01 02 02 01 01 00 32 00 68 AA AA AA AA AA AA 68 11 04 33 33 34 33 AE 16 2D 59 DA 01 79 16 
10:50:52:495->>>>-发送-68 00 42 16 00 02 01 FF 00 3C 80 3F 02 00 00 02 00 30 1C 28 00 CC 08 05 00 00 01 02 03 04 05 00 00 00 00 15 02 00 11 01 00 00 01 02 02 01 02 00 32 00 68 AA AA AA AA AA AA 68 11 04 33 33 34 33 AE 16 E7 14 73 AE 4E 16 
10:55:06:132->>>>-发送-68 00 00 07 00 16 
10:55:16:719->>>>-发送-68 00 00 07 00 16 
10:55:27:369->>>>-发送-68 00 00 07 00 16 
10:55:38:628->>>>-发送-68 00 00 07 00 16 
10:55:49:298->>>>-发送-68 00 00 07 00 16 
10:55:59:958->>>>-发送-68 00 00 07 00 16 
10:56:26:844->>>>-发送-68 00 00 07 00 16 
10:59:07:629->>>>-发送-68 00 00 07 00 16 
14:49:36:427->>>>-发送-68 00 00 07 00 16 
15:40:23:518->>>>-发送-68 00 00 07 00 16 
15:40:40:661->>>>-发送-68 00 00 07 00 16 
15:52:21:541->>>>-发送-68 00 00 07 00 16 
15:52:25:450->>>>-发送-68 00 00 07 00 16 
16:33:03:926->>>>-发送-68 00 00 0C 00 16 
16:33:06:910->>>>-发送-68 00 00 0C 00 16 
16:33:15:063->>>>-发送-68 00 00 0C 00 16 
16:33:43:621->>>>-发送-68 00 00 0C 00 16 
16:33:44:367->>>>-发送-68 00 00 0C 00 16 
16:33:52:087->>>>-发送-68 00 00 0C 00 16 
16:33:58:731->>>>-发送-68 00 00 07 00 16 
16:34:13:510->>>>-发送-68 00 00 0C 00 16 
16:35:19:981->>>>-发送-68 00 00 0C 00 16 
16:35:19:993-<<<<-接收-68 00 01 8C 00 00 16 
16:35:22:925->>>>-发送-68 00 00 0C 00 16 
16:35:22:937-<<<<-接收-68 00 0B 8C 01 00 00 00 00 00 01 F0 39 62 00 8D 16 
16:35:37:503->>>>-发送-68 00 04 01 F0 39 62 00 8B 16 
16:35:37:514-<<<<-接收-68 00 01 81 00 00 16 
16:35:39:825->>>>-发送-68 00 00 07 00 16 
16:36:09:489->>>>-发送-68 00 42 16 00 02 01 FF 00 3C 80 3F 02 00 00 01 00 30 1C 28 00 CC 08 05 00 00 01 02 03 04 05 00 00 00 00 15 02 00 11 01 00 00 01 02 02 01 01 00 32 00 68 AA AA AA AA AA AA 68 11 04 33 33 34 33 AE 16 2D 59 DA 01 91 16 
16:36:09:521-<<<<-接收-68 00 01 96 00 00 16 
16:36:14:920->>>>-发送-68 00 42 16 00 02 01 FF 00 3C 80 3F 02 00 00 02 00 30 1C 28 00 CC 08 05 00 00 01 02 03 04 05 00 00 00 00 15 02 00 11 01 00 00 01 02 02 01 02 00 32 00 68 AA AA AA AA AA AA 68 11 04 33 33 34 33 AE 16 E7 14 73 AE 4E 16 
16:36:14:951-<<<<-接收-68 00 01 96 00 00 16 
16:36:34:743->>>>-发送-68 00 42 16 00 01 01 FF 00 3C 80 3F 01 00 00 03 00 30 1C 28 00 CC 08 05 00 00 01 02 03 04 05 00 00 00 00 00 00 01 11 01 00 00 01 02 02 01 03 00 32 00 68 AA AA AA AA AA AA 68 11 04 33 33 34 33 AE 16 A1 2F 14 CB CB 16 
16:36:34:775-<<<<-接收-68 00 01 96 00 00 16 
16:36:37:858->>>>-发送-68 00 42 16 00 01 01 FF 00 3C 80 3F 01 00 00 04 00 30 1C 28 00 CC 08 05 00 00 01 02 03 04 05 00 00 00 00 00 00 01 11 01 00 00 01 02 02 01 04 00 32 00 68 AA AA AA AA AA AA 68 11 04 33 33 34 33 AE 16 32 89 50 2A 53 16 
16:36:37:859-<<<<-接收-68 00 01 96 00 00 16 
16:36:55:361->>>>-发送-68 00 42 16 00 01 01 FF 00 3C 80 3F 01 00 00 05 00 30 1C 28 00 CC 08 05 00 00 01 02 03 04 05 00 00 00 00 00 00 01 11 01 00 00 01 02 02 01 05 00 32 00 68 AA AA AA AA AA AA 68 11 04 33 33 34 33 AE 16 74 B2 37 4F CC 16 
16:36:55:373-<<<<-接收-68 00 01 96 00 00 16 
16:52:54:741->>>>-发送-68 00 00 0C 00 16 
16:52:54:742-<<<<-接收-68 00 0B 8C 01 00 00 00 00 00 01 C0 32 3E 00 32 16 
16:52:58:258->>>>-发送-68 00 04 01 C0 32 3E 00 30 16 
16:52:58:269-<<<<-接收-68 00 01 81 00 00 16 
16:53:18:890->>>>-发送-68 00 03 0E 01 00 3C 3D 16 
16:53:19:888-<<<<-接收-68 00 0D 8E 01 00 00 00 00 00 01 00 01 C0 32 3E 00 33 16 68 00 0D 8E 01 00 00 00 00 00 01 00 01 C0 32 3E 00 33 16 68 00 0D 8E 01 00 00 00 00 00 01 00 01 C0 32 3E 00 33 16 68 00 0D 8E 01 00 00 00 15 02 00 00 02 C0 32 3E 00 4A 16 
16:53:53:499->>>>-发送-68 00 03 0E 00 00 3C 3C 16 
16:55:18:757->>>>-发送-68 00 42 16 00 02 01 FF 00 3C 80 3F 02 00 00 06 00 30 1C 28 00 CC 08 05 00 00 01 02 03 04 05 00 00 00 00 15 02 00 11 01 00 00 01 02 02 01 06 00 32 00 68 AA AA AA AA AA AA 68 11 04 33 33 34 33 AE 16 BE FF 9E E0 75 16 
16:55:18:788-<<<<-接收-68 00 01 96 00 00 16 
16:55:32:794->>>>-发送-68 00 42 16 00 02 01 FF 00 3C 80 3F 02 00 00 07 00 30 1C 28 00 CC 08 05 00 00 01 02 03 04 05 00 00 00 00 15 02 00 11 01 00 00 01 02 02 01 07 00 32 00 68 AA AA AA AA AA AA 68 11 04 33 33 34 33 AE 16 F8 C4 F9 85 76 16 
16:55:32:827-<<<<-接收-68 00 01 96 00 00 16 
16:55:40:182->>>>-发送-68 00 42 16 00 01 01 FF 00 3C 80 3F 01 00 00 08 00 30 1C 28 00 CC 08 05 00 00 01 02 03 04 05 00 00 00 00 00 00 01 11 01 00 00 01 02 02 01 08 00 32 00 68 AA AA AA AA AA AA 68 11 04 33 33 34 33 AE 16 D9 B4 66 F9 12 16 
16:55:40:194-<<<<-接收-68 00 01 96 00 00 16 
16:55:43:836->>>>-发送-68 00 42 16 00 01 01 FF 00 3C 80 3F 01 00 00 09 00 30 1C 28 00 CC 08 05 00 00 01 02 03 04 05 00 00 00 00 00 00 01 11 01 00 00 01 02 02 01 09 00 32 00 68 AA AA AA AA AA AA 68 11 04 33 33 34 33 AE 16 9F 8F 01 9C F3 16 
16:55:43:848-<<<<-接收-68 00 01 96 00 00 16 
17:47:57:442->>>>-发送-68 00 00 0C 00 16 
17:47:57:605-<<<<-接收-00 00 00 03 00 0F 01 00 00 64 00 00 00 00 00 01 04 64 00 01 0A 3C 00 00 00 06 00 06 00 C0 25 00 01 33 00 00 14 0A 00 00 00 00 C4 21 F9 6D 2C 06 00 00 00 00 02 00 F4 01 00 01 F4 01 00 02 F4 01 00 03 00 00 00 00 00 00 00 00 00 00 00 00 00 00 00 00 00 00 00 00 00 00 00 00 00 00 00 00 00 00 00 00 00 00 00 00 00 00 00 00 00 00 00 00 00 00 0A D1 EB 10 EC 9A 9D D7 16 68 00 A8 83 00 00 00 98 6E 00 DB 66 00 16 49 32 00 01 FF FF 00 0F C1 ED 57 DD 00 6E 01 40 79 04 00 42 C0 86 C2 1C 00 00 00 00 00 01 8D 03 00 00 00 00 00 00 00 00 00 00 03 00 0F 01 00 00 64 00 00 00 00 00 01 04 64 00 01 0A 3C 00 00 00 06 00 06 00 C0 25 00 01 33 00 00 14 0A 00 00 00 00 C4 21 F9 6D 2C 06 00 00 00 00 02 00 F4 01 00 01 F4 01 00 02 F4 01 00 03 00 00 00 00 00 00 00 00 00 00 00 00 00 00 00 00 00 00 00 00 00 00 00 00 00 00 00 00 00 00 00 00 00 00 00 00 00 00 00 00 00 00 00 00 00 00 0A D1 EB 10 EC 9A 9D B2 16 
17:48:01:574->>>>-发送-68 00 00 0C 00 16 
17:48:01:605-<<<<-接收-68 00 0B 8C 01 00 00 00 00 00 01 ED C1 0F 00 BF 16 
17:48:02:645->>>>-发送-68 00 00 0C 00 16 
17:48:02:656-<<<<-接收-68 00 0B 8C 01 00 00 00 00 00 01 ED C1 0F 00 BF 16 
17:48:21:557->>>>-发送-68 00 00 0C 00 16 
17:48:22:134->>>>-发送-68 00 00 0C 00 16 
17:48:23:183->>>>-发送-68 00 00 0C 00 16 
17:48:30:750->>>>-发送-68 00 00 0C 00 16 
17:48:30:756-<<<<-接收-68 00 01 8C 00 00 16 
17:48:31:533->>>>-发送-68 00 00 0C 00 16 
17:48:31:534-<<<<-接收-68 00 01 8C 00 00 16 
17:48:33:517->>>>-发送-68 00 00 0C 00 16 
17:48:33:528-<<<<-接收-68 00 01 8C 00 00 16 
17:48:34:364->>>>-发送-68 00 00 0C 00 16 
17:48:34:365-<<<<-接收-68 00 01 8C 00 00 16 
17:48:35:013->>>>-发送-68 00 00 0C 00 16 
17:48:35:014-<<<<-接收-68 00 01 8C 00 00 16 
17:48:35:607->>>>-发送-68 00 00 0C 00 16 
17:48:35:608-<<<<-接收-68 00 01 8C 00 00 16 
17:48:36:167->>>>-发送-68 00 00 0C 00 16 
17:48:36:168-<<<<-接收-68 00 01 8C 00 00 16 
17:48:37:925->>>>-发送-68 00 00 0C 00 16 
17:48:37:955-<<<<-接收-01 00 00 00 00 00 01 
17:48:37:956-<<<<-接收-99 CB 
17:48:37:971-<<<<-接收-68 00 0B 8C 19 00 7F 16 
17:48:38:605->>>>-发送-68 00 00 0C 00 16 
17:48:38:636-<<<<-接收-68 00 0B 8C 01 00 00 00 00 00 01 99 CB 19 00 7F 16 
17:48:40:587->>>>-发送-68 00 04 01 99 CB 19 00 7D 16 
17:48:40:599-<<<<-接收-68 00 01 81 00 00 16 
17:48:57:792->>>>-发送-68 00 59 16 00 00 01 FF 00 53 80 3F 00 00 00 01 00 30 33 28 00 CC 08 05 00 00 01 02 03 04 05 00 CC CC CC CC CC CC 11 08 00 00 01 73 30 02 01 00 35 00 00 00 00 00 FE FE FE FE 68 35 00 00 00 00 00 68 91 13 34 48 33 37 33 37 33 33 33 33 33 33 33 33 33 33 DD 35 DD E6 16 7D 90 70 33 CD 16 
17:48:57:823-<<<<-接收-68 00 01 96 00 00 16 
17:49:15:447->>>>-发送-68 00 59 16 0F FF 01 FF 00 53 80 3F FF 2F 00 02 00 30 33 28 00 CC 08 05 00 00 01 02 03 04 05 00 FF FF FF FF FF FF 11 08 00 00 01 73 30 02 01 00 35 00 00 00 00 00 FE FE FE FE 68 35 00 00 00 00 00 68 91 13 34 48 33 37 33 37 33 33 33 33 33 33 33 33 33 33 DD 35 DD E6 16 7D 90 70 33 3C 16 
17:49:15:479-<<<<-接收-68 00 01 96 00 00 16 
