00:05:48:059->>>>-发送-68 0F 00 43 01 00 00 00 00 00 01 02 00 47 16 
00:08:11:126->>>>-发送-68 0F 00 43 01 00 00 00 00 00 01 02 00 47 16 
00:12:46:166->>>>-发送-68 17 00 43 01 00 00 00 00 00 11 01 00 01 33 33 33 33 33 33 02 8B 16 
00:13:47:732->>>>-发送-68 17 00 43 01 00 00 00 00 00 11 01 00 01 11 11 11 11 11 11 02 BF 16 
00:15:35:860->>>>-发送-68 17 00 43 01 00 00 00 00 00 11 01 00 01 22 22 22 22 22 22 02 25 16 
00:18:12:101->>>>-发送-68 17 00 43 01 00 00 00 00 00 11 01 00 01 11 11 11 11 11 11 02 BF 16 
00:20:06:053->>>>-发送-68 17 00 43 01 00 00 00 00 00 11 01 00 01 11 11 11 11 11 11 02 BF 16 
00:20:57:381->>>>-发送-68 17 00 43 01 00 00 00 00 01 11 01 00 01 22 22 22 22 22 22 02 26 16 
00:22:38:044->>>>-发送-68 17 00 43 01 00 00 00 00 00 11 01 00 01 22 22 22 22 22 22 02 25 16 
00:24:45:119->>>>-发送-68 17 00 43 01 00 00 00 00 00 11 01 00 01 11 11 11 11 11 11 02 BF 16 
00:27:30:211->>>>-发送-68 17 00 43 01 00 00 00 00 00 11 01 00 01 22 22 22 22 22 22 02 25 16 
00:28:25:475->>>>-发送-68 16 00 43 01 00 00 00 00 01 11 02 00 01 22 22 22 22 22 22 25 16 
00:29:55:776->>>>-发送-68 17 00 43 01 00 00 00 00 00 11 01 00 01 11 11 11 11 11 11 02 BF 16 
00:30:01:113->>>>-发送-68 17 00 43 01 00 00 00 00 01 11 01 00 01 22 22 22 22 22 22 02 26 16 
00:31:17:272->>>>-发送-68 17 00 43 01 00 00 00 00 00 11 01 00 01 22 22 22 22 22 22 02 25 16 
00:33:49:163->>>>-发送-68 0F 00 43 01 00 00 00 00 00 01 02 00 47 16 
00:34:30:916->>>>-发送-68 0F 00 43 01 00 00 00 00 01 01 02 00 48 16 
00:36:28:891->>>>-发送-68 0F 00 43 01 00 00 00 00 00 01 02 00 47 16 
00:36:58:289->>>>-发送-68 0F 00 43 01 00 00 00 00 01 01 02 00 48 16 
01:18:03:746->>>>-发送-68 0F 00 43 01 00 00 00 00 00 01 01 00 46 16 
01:18:46:428->>>>-发送-68 0F 00 43 01 00 00 00 00 00 10 01 00 55 16 
01:18:51:411-<<<<-接收-68 13 00 83 00 00 00 00 00 8E 10 01 00 05 00 F8 07 26 16 
01:18:51:419->>>>-发送-68 12 00 43 01 00 00 00 00 01 10 02 00 01 00 05 5D 16 
01:18:52:611-<<<<-接收-68 3A 00 83 00 00 00 00 00 8D 10 02 00 05 00 05 85 03 00 00 00 00 00 11 02 00 00 00 00 00 00 11 03 00 00 00 00 00 00 11 04 00 00 00 00 00 00 11 05 00 00 00 00 00 00 11 17 16 
01:24:53:931->>>>-发送-68 0F 00 43 01 00 00 00 00 02 10 01 00 57 16 
01:24:54:952-<<<<-接收-68 13 00 83 00 00 00 00 00 8E 10 01 00 05 00 F8 07 26 16 
01:24:54:967->>>>-发送-68 12 00 43 01 00 00 00 00 03 10 02 00 01 00 05 5F 16 
01:24:55:673-<<<<-接收-68 3A 00 83 00 00 00 00 00 8D 10 02 00 05 00 05 85 03 00 00 00 00 00 11 02 00 00 00 00 00 00 11 03 00 00 00 00 00 00 11 04 00 00 00 00 00 00 11 05 00 00 00 00 00 00 11 17 16 
01:25:12:203->>>>-发送-68 0F 00 43 01 00 00 00 00 04 10 01 00 59 16 
01:25:19:042-<<<<-接收-68 13 00 83 00 00 00 00 00 8E 10 01 00 05 00 F8 07 26 16 
01:25:19:060->>>>-发送-68 12 00 43 01 00 00 00 00 05 10 02 00 01 00 05 61 16 
01:25:23:420-<<<<-接收-68 3A 00 83 00 00 00 00 00 8D 10 02 00 05 00 05 85 03 00 00 00 00 00 11 02 00 00 00 00 00 00 11 03 00 00 00 00 00 00 11 04 00 00 00 00 00 00 11 05 00 00 00 00 00 00 11 17 16 
01:29:05:032->>>>-发送-68 0F 00 43 01 00 00 00 00 06 10 01 00 5B 16 
01:29:06:213-<<<<-接收-68 13 00 83 00 00 00 00 00 8E 10 01 00 05 00 F8 07 26 16 
01:29:06:222->>>>-发送-68 12 00 43 01 00 00 00 00 07 10 02 00 01 00 05 63 16 
01:29:06:993-<<<<-接收-68 3A 00 83 00 00 00 00 00 8D 10 02 00 05 00 05 85 03 00 00 00 00 00 11 02 00 00 00 00 00 00 11 03 00 00 00 00 00 00 11 04 00 00 00 00 00 00 11 05 00 00 00 00 00 00 11 17 16 
01:29:14:355->>>>-发送-68 0F 00 43 01 00 00 00 00 08 10 01 00 5D 16 
01:29:27:013->>>>-发送-68 0F 00 43 01 00 00 00 00 09 10 01 00 5E 16 
01:29:30:544->>>>-发送-68 0F 00 43 01 00 00 00 00 0A 10 01 00 5F 16 
01:31:23:680->>>>-发送-68 0F 00 43 01 00 00 00 00 00 10 01 00 55 16 
01:31:24:607-<<<<-接收-68 13 00 83 00 00 00 00 00 8E 10 01 00 05 00 F8 07 26 16 
01:31:24:616->>>>-发送-68 12 00 43 01 00 00 00 00 01 10 02 00 01 00 05 5D 16 
01:31:25:052-<<<<-接收-68 3A 00 83 00 00 00 00 00 8D 10 02 00 05 00 05 85 03 00 00 00 00 00 11 02 00 00 00 00 00 00 11 03 00 00 00 00 00 00 11 04 00 00 00 00 00 00 11 05 00 00 00 00 00 00 11 17 16 
01:31:29:092->>>>-发送-68 0F 00 43 01 00 00 00 00 02 10 01 00 57 16 
01:31:30:376-<<<<-接收-68 13 00 83 00 00 00 00 00 8E 10 01 00 05 00 F8 07 26 16 
01:31:30:379->>>>-发送-68 12 00 43 01 00 00 00 00 03 10 02 00 01 00 05 5F 16 
01:31:31:161-<<<<-接收-68 3A 00 83 00 00 00 00 00 8D 10 02 00 05 00 05 85 03 00 00 00 00 00 11 02 00 00 00 00 00 00 11 03 00 00 00 00 00 00 11 04 00 00 00 00 00 00 11 05 00 00 00 00 00 00 11 17 16 
01:31:44:290->>>>-发送-68 0F 00 43 01 00 00 00 00 04 10 01 00 59 16 
01:31:45:417-<<<<-接收-68 13 00 83 00 00 00 00 00 8E 10 01 00 05 00 F8 07 26 16 
01:31:45:420->>>>-发送-68 12 00 43 01 00 00 00 00 05 10 02 00 01 00 05 61 16 
01:31:45:957-<<<<-接收-68 3A 00 83 00 00 00 00 00 8D 10 02 00 05 00 05 85 03 00 00 00 00 00 11 02 00 00 00 00 00 00 11 03 00 00 00 00 00 00 11 04 00 00 00 00 00 00 11 05 00 00 00 00 00 00 11 17 16 
01:32:48:220->>>>-发送-68 0F 00 43 01 00 00 00 00 00 10 01 00 55 16 
01:32:49:100-<<<<-接收-68 13 00 83 00 00 00 00 00 8E 10 01 00 05 00 F8 07 26 16 
01:32:49:113->>>>-发送-68 12 00 43 01 00 00 00 00 01 10 02 00 01 00 05 5D 16 
01:32:50:026-<<<<-接收-68 3A 00 83 00 00 00 00 00 8D 10 02 00 05 00 05 85 03 00 00 00 00 00 11 02 00 00 00 00 00 00 11 03 00 00 00 00 00 00 11 04 00 00 00 00 00 00 11 05 00 00 00 00 00 00 11 17 16 
01:36:29:577->>>>-发送-68 0F 00 43 01 00 00 00 00 00 10 01 00 55 16 
01:36:30:542-<<<<-接收-68 13 00 83 00 00 00 00 00 8E 10 01 00 05 00 F8 07 26 16 
01:36:30:550->>>>-发送-68 12 00 43 01 00 00 00 00 01 10 02 00 01 00 05 5D 16 
01:36:30:954-<<<<-接收-68 3A 00 83 00 00 00 00 00 8D 10 02 00 05 00 05 85 03 00 00 00 00 00 11 02 00 00 00 00 00 00 11 03 00 00 00 00 00 00 11 04 00 00 00 00 00 00 11 05 00 00 00 00 00 00 11 17 16 
01:38:30:512->>>>-发送-68 0F 00 43 01 00 00 00 00 00 10 01 00 55 16 
01:38:31:536-<<<<-接收-68 13 00 83 00 00 00 00 00 8E 10 01 00 05 00 F8 07 26 16 
01:38:31:545->>>>-发送-68 12 00 43 01 00 00 00 00 01 10 02 00 01 00 05 5D 16 
01:38:31:985-<<<<-接收-68 3A 00 83 00 00 00 00 00 8D 10 02 00 05 00 05 85 03 00 00 00 00 00 11 02 00 00 00 00 00 00 11 03 00 00 00 00 00 00 11 04 00 00 00 00 00 00 11 05 00 00 00 00 00 00 11 17 16 
01:39:21:088->>>>-发送-68 0F 00 43 01 00 00 00 00 00 10 01 00 55 16 
01:39:21:878-<<<<-接收-68 13 00 83 00 00 00 00 00 8E 10 01 00 05 00 F8 07 26 16 
01:39:21:887->>>>-发送-68 12 00 43 01 00 00 00 00 01 10 02 00 01 00 05 5D 16 
01:39:22:410-<<<<-接收-68 3A 00 83 00 00 00 00 00 8D 10 02 00 05 00 05 85 03 00 00 00 00 00 11 02 00 00 00 00 00 00 11 03 00 00 00 00 00 00 11 04 00 00 00 00 00 00 11 05 00 00 00 00 00 00 11 17 16 
01:40:10:198->>>>-发送-68 0F 00 43 01 00 00 00 00 00 10 01 00 55 16 
01:40:11:973-<<<<-接收-68 13 00 83 00 00 00 00 00 8E 10 01 00 05 00 F8 07 26 16 
01:40:11:983->>>>-发送-68 12 00 43 01 00 00 00 00 01 10 02 00 01 00 05 5D 16 
01:40:12:489-<<<<-接收-68 3A 00 83 00 00 00 00 00 8D 10 02 00 05 00 05 85 03 00 00 00 00 00 11 02 00 00 00 00 00 00 11 03 00 00 00 00 00 00 11 04 00 00 00 00 00 00 11 05 00 00 00 00 00 00 11 17 16 
01:41:28:477->>>>-发送-68 0F 00 43 01 00 00 00 00 00 10 01 00 55 16 
01:41:30:108-<<<<-接收-68 13 00 83 00 00 00 00 00 8E 10 01 00 05 00 F8 07 26 16 
01:41:30:116->>>>-发送-68 12 00 43 01 00 00 00 00 01 10 02 00 01 00 05 5D 16 
01:41:30:520-<<<<-接收-68 3A 00 83 00 00 00 00 00 8D 10 02 00 05 00 05 85 03 00 00 00 00 00 11 02 00 00 00 00 00 00 11 03 00 00 00 00 00 00 11 04 00 00 00 00 00 00 11 05 00 00 00 00 00 00 11 17 16 
01:41:43:274->>>>-发送-68 0F 00 43 01 00 00 00 00 02 10 01 00 57 16 
01:41:44:128-<<<<-接收-68 13 00 83 00 00 00 00 00 8E 10 01 00 05 00 F8 07 26 16 
01:41:44:131->>>>-发送-68 12 00 43 01 00 00 00 00 03 10 02 00 01 00 05 5F 16 
01:41:44:506-<<<<-接收-68 3A 00 83 00 00 00 00 00 8D 10 02 00 05 00 05 85 03 00 00 00 00 00 11 02 00 00 00 00 00 00 11 03 00 00 00 00 00 00 11 04 00 00 00 00 00 00 11 05 00 00 00 00 00 00 11 17 16 
