10:18:31:326->>>>-发送-68 00 00 0C 00 16 
10:18:50:435->>>>-发送-68 00 00 07 00 16 
10:18:52:540->>>>-发送-68 00 00 07 00 16 
10:19:06:789->>>>-发送-68 00 00 07 00 16 
10:19:08:331->>>>-发送-68 00 00 07 00 16 
10:19:10:400->>>>-发送-68 00 3E 16 00 00 01 FF 00 38 80 3F 00 00 00 01 00 30 1C 28 00 CC 08 01 00 00 01 02 03 04 05 00 CC CC CC CC CC CC 11 01 00 00 01 02 02 01 01 00 32 00 68 AA AA AA AA AA AA 68 11 04 33 33 34 33 AE 16 D5 16 
10:19:13:168->>>>-发送-68 00 3E 16 00 00 01 FF 00 38 80 3F 00 00 00 02 00 30 1C 28 00 CC 08 01 00 00 01 02 03 04 05 00 CC CC CC CC CC CC 11 01 00 00 01 02 02 01 02 00 32 00 68 AA AA AA AA AA AA 68 11 04 33 33 34 33 AE 16 D7 16 
10:19:14:985->>>>-发送-68 00 3E 16 00 00 01 FF 00 38 80 3F 00 00 00 03 00 30 1C 28 00 CC 08 01 00 00 01 02 03 04 05 00 CC CC CC CC CC CC 11 01 00 00 01 02 02 01 03 00 32 00 68 AA AA AA AA AA AA 68 11 04 33 33 34 33 AE 16 D9 16 
10:19:16:680->>>>-发送-68 00 3E 16 00 00 01 FF 00 38 80 3F 00 00 00 04 00 30 1C 28 00 CC 08 01 00 00 01 02 03 04 05 00 CC CC CC CC CC CC 11 01 00 00 01 02 02 01 04 00 32 00 68 AA AA AA AA AA AA 68 11 04 33 33 34 33 AE 16 DB 16 
10:19:37:250->>>>-发送-68 00 3E 16 00 00 01 FF 00 38 80 3F 00 00 00 05 00 30 1C 28 00 CC 08 01 00 00 01 02 03 04 05 00 CC CC CC CC CC CC 11 01 00 00 01 02 02 01 05 00 32 00 68 AA AA AA AA AA AA 68 11 04 33 33 34 33 AE 16 DD 16 
10:25:43:145->>>>-发送-68 00 3E 16 00 00 01 FF 00 38 80 3F 00 00 00 06 00 30 1C 28 00 CC 08 01 00 00 01 02 03 04 05 00 CC CC CC CC CC CC 11 01 00 00 01 02 02 01 06 00 32 00 68 AA AA AA AA AA AA 68 11 04 33 33 34 33 AE 16 DF 16 
10:26:04:703->>>>-发送-68 00 3E 16 00 00 01 FF 00 38 80 3F 00 00 00 07 00 30 1C 28 00 CC 08 01 00 00 01 02 03 04 05 00 CC CC CC CC CC CC 11 01 00 00 01 02 02 01 07 00 32 00 68 AA AA AA AA AA AA 68 11 04 33 33 34 33 AE 16 E1 16 
16:48:01:484->>>>-发送-68 00 00 07 00 16 
16:48:02:469-<<<<-接收-68 00 1C 87 01 00 00 02 01 00 00 00 55 00 00 00 00 66 02 01 02 00 01 00 22 22 22 22 22 12 04 02 87 16 
16:48:02:688-<<<<-接收-68 00 28 87 02 00 00 03 03 00 01 00 55 33 33 33 33 66 04 02 04 00 01 00 22 44 44 44 44 12 04 02 05 00 01 00 22 55 55 55 55 12 04 02 79 16 
16:48:02:868-<<<<-接收-68 00 10 87 04 01 00 01 06 00 04 00 55 66 66 66 66 66 04 03 6A 16 
16:50:17:842->>>>-发送-68 00 00 07 00 16 
16:50:20:520-<<<<-接收-68 00 1C 87 01 00 00 02 01 00 00 00 55 00 00 00 00 66 02 01 02 00 01 00 22 22 22 22 22 12 04 02 87 16 
16:50:20:729-<<<<-接收-68 00 28 87 02 00 00 03 03 00 01 00 55 33 33 33 33 66 04 02 04 00 01 00 22 44 44 44 44 12 04 02 05 00 01 00 22 55 55 55 55 12 04 02 79 16 
16:50:20:932-<<<<-接收-68 00 10 87 04 01 00 01 06 00 04 00 55 66 66 66 66 66 04 03 6A 16 
16:50:51:553->>>>-发送-68 00 00 07 00 16 
16:50:53:272-<<<<-接收-68 00 1C 87 01 00 00 02 01 00 00 00 55 00 00 00 00 66 02 01 02 00 01 00 22 22 22 22 22 12 04 02 87 16 
16:50:53:494-<<<<-接收-68 00 28 87 02 00 00 03 03 00 01 00 55 33 33 33 33 66 04 02 04 00 01 00 22 44 44 44 44 12 04 02 05 00 01 00 22 55 55 55 55 12 04 02 79 16 
16:50:53:681-<<<<-接收-68 00 10 87 04 01 00 01 06 00 04 00 55 66 66 66 66 66 04 03 6A 16 
16:56:21:671->>>>-发送-68 00 00 07 00 16 
16:56:23:831-<<<<-接收-68 00 1C 87 01 00 00 02 01 00 00 00 55 00 00 00 00 66 02 01 02 00 01 00 22 22 22 22 22 12 04 02 87 16 
16:56:24:051-<<<<-接收-68 00 28 87 02 00 00 03 03 00 01 00 55 33 33 33 33 66 04 02 04 00 01 00 22 44 44 44 44 12 04 02 05 00 01 00 22 55 55 55 55 12 04 02 79 16 
16:56:24:232-<<<<-接收-68 00 10 87 04 01 00 01 06 00 04 00 55 66 66 66 66 66 04 03 6A 16 
16:58:03:207->>>>-发送-68 00 00 07 00 16 
16:58:04:822-<<<<-接收-68 00 1C 87 01 00 00 02 01 00 00 00 55 00 00 00 00 66 02 01 02 00 01 00 22 22 22 22 22 12 04 02 87 16 
16:58:05:023-<<<<-接收-68 00 28 87 02 00 00 03 03 00 01 00 55 33 33 33 33 66 04 02 04 00 01 00 22 44 44 44 44 12 04 02 05 00 01 00 22 55 55 55 55 12 04 02 79 16 
16:58:05:223-<<<<-接收-68 00 10 87 04 01 00 01 06 00 04 00 55 66 66 66 66 66 04 03 6A 16 
17:04:16:464->>>>-发送-68 00 00 07 00 16 
17:04:18:723-<<<<-接收-68 00 1C 87 01 00 00 02 01 00 00 00 55 00 00 00 00 66 02 01 02 00 01 00 22 22 22 22 22 12 04 02 87 16 
17:04:18:943-<<<<-接收-68 00 28 87 02 00 00 03 03 00 01 00 55 33 33 33 33 66 04 02 04 00 01 00 22 44 44 44 44 12 04 02 05 00 01 00 22 55 55 55 55 12 04 02 79 16 
17:04:19:132-<<<<-接收-68 00 10 87 04 01 00 01 06 00 04 00 55 66 66 66 66 66 04 03 6A 16 
17:06:52:530->>>>-发送-68 00 00 07 00 16 
17:06:55:298-<<<<-接收-68 00 1C 87 01 00 00 02 01 00 00 00 55 00 00 00 00 66 02 01 02 00 01 00 22 22 22 22 22 12 04 02 87 16 
17:06:55:517-<<<<-接收-68 00 28 87 02 00 00 03 03 00 01 00 55 33 33 33 33 66 04 02 04 00 01 00 22 44 44 44 44 12 04 02 05 00 01 00 22 55 55 55 55 12 04 02 79 16 
17:06:55:706-<<<<-接收-68 00 10 87 04 01 00 01 06 00 04 00 55 66 66 66 66 66 04 03 6A 16 
17:11:19:559->>>>-发送-68 00 00 07 00 16 
17:11:21:311-<<<<-接收-68 00 1C 87 01 00 00 02 01 00 00 00 55 00 00 00 00 66 02 00 02 00 01 00 22 22 22 22 22 12 04 01 87 16 
17:12:10:581->>>>-发送-68 00 00 07 00 16 
17:12:12:462-<<<<-接收-68 00 1C 87 01 00 00 02 01 00 00 00 55 00 00 00 00 66 02 00 02 00 01 00 22 22 22 22 22 12 04 01 87 16 
17:15:47:125->>>>-发送-68 00 00 07 00 16 
17:15:49:745-<<<<-接收-68 00 1C 87 01 00 02 00 01 00 00 00 55 00 00 00 00 66 02 00 02 00 01 00 22 22 22 22 22 12 04 01 87 16 
17:16:17:466->>>>-发送-68 00 00 07 00 16 
17:16:19:219-<<<<-接收-68 00 1C 87 01 00 02 00 01 00 00 00 55 00 00 00 00 66 02 00 02 00 01 00 22 22 22 22 22 12 04 01 87 16 
17:17:56:025->>>>-发送-68 00 00 07 00 16 
17:17:57:769-<<<<-接收-68 00 1C 87 01 00 02 00 01 00 00 00 55 00 00 00 00 66 02 00 02 00 01 00 22 22 22 22 22 12 04 01 85 16 
17:17:57:987-<<<<-接收-68 00 28 87 02 00 03 00 03 00 01 00 55 33 33 33 33 66 04 01 04 00 01 00 22 44 44 44 44 12 04 01 05 00 01 00 22 55 55 55 55 12 04 01 76 16 
17:17:58:176-<<<<-接收-68 00 10 87 04 01 01 00 06 00 04 00 55 66 66 66 66 66 04 02 69 16 
17:20:27:801->>>>-发送-68 00 00 07 00 16 
17:20:29:601-<<<<-接收-68 00 1C 87 01 00 02 00 01 00 00 00 55 00 00 00 00 66 02 00 02 00 01 00 22 22 22 22 22 12 04 01 85 16 
17:20:29:802-<<<<-接收-68 00 28 87 02 00 03 00 03 00 01 00 55 33 33 33 33 66 04 01 04 00 01 00 22 44 44 44 44 12 04 01 05 00 01 00 22 55 55 55 55 12 04 01 76 16 
17:20:29:991-<<<<-接收-68 00 10 87 04 01 01 00 06 00 04 00 55 66 66 66 66 66 04 02 69 16 
17:25:09:632->>>>-发送-68 00 00 07 00 16 
17:25:11:943-<<<<-接收-68 00 1C 87 01 00 02 00 01 00 00 00 55 00 00 00 00 66 02 00 02 00 01 00 22 22 22 22 22 12 04 01 85 16 
17:25:12:132-<<<<-接收-68 00 28 87 02 00 03 00 03 00 01 00 55 33 33 33 33 66 04 01 04 00 01 00 22 44 44 44 44 12 04 01 05 00 01 00 22 55 55 55 55 12 04 01 76 16 
17:25:12:333-<<<<-接收-68 00 10 87 04 01 01 00 06 00 04 00 55 66 66 66 66 66 04 02 69 16 
17:35:39:735->>>>-发送-68 00 00 07 00 16 
17:35:41:580-<<<<-接收-68 00 1C 87 01 00 02 00 01 00 00 00 55 00 00 00 00 66 02 00 02 00 01 00 22 22 22 22 22 12 04 01 85 16 
17:35:41:805-<<<<-接收-68 00 28 87 02 00 03 00 03 00 01 00 55 33 33 33 33 66 04 01 04 00 01 00 22 44 44 44 44 12 04 01 05 00 01 00 22 55 55 55 55 12 04 01 76 16 
17:35:41:991-<<<<-接收-68 00 10 87 04 01 01 00 06 00 04 00 55 66 66 66 66 66 04 02 69 16 
17:37:56:432->>>>-发送-68 00 00 07 00 16 
17:37:58:039-<<<<-接收-68 00 1C 87 01 00 02 00 01 00 00 00 55 00 00 00 00 66 02 00 02 00 01 00 22 22 22 22 22 12 04 01 85 16 
17:37:58:257-<<<<-接收-68 00 28 87 02 00 03 00 03 00 01 00 55 33 33 33 33 66 04 01 04 00 01 00 22 44 44 44 44 12 04 01 05 00 01 00 22 55 55 55 55 12 04 01 76 16 
17:37:58:442-<<<<-接收-68 00 10 87 04 01 01 00 06 00 04 00 55 66 66 66 66 66 04 02 69 16 
17:39:06:654->>>>-发送-68 00 00 07 00 16 
17:39:08:370-<<<<-接收-68 00 1C 87 01 00 02 00 01 00 00 00 55 00 00 00 00 66 02 00 02 00 01 00 22 22 22 22 22 12 04 01 85 16 
17:39:08:600-<<<<-接收-68 00 28 87 02 00 03 00 03 00 01 00 55 33 33 33 33 66 04 01 04 00 01 00 22 44 44 44 44 12 04 01 05 00 01 00 22 55 55 55 55 12 04 01 76 16 
17:39:08:776-<<<<-接收-68 00 10 87 04 01 01 00 06 00 04 00 55 66 66 66 66 66 04 02 69 16 
17:39:37:400->>>>-发送-68 00 00 07 00 16 
17:40:34:747->>>>-发送-68 00 00 07 00 16 
17:40:36:373-<<<<-接收-68 00 1C 87 01 00 02 00 01 00 00 00 55 00 00 00 00 66 02 00 02 00 01 00 22 22 22 22 22 12 04 01 85 16 
17:40:36:592-<<<<-接收-68 00 28 87 02 00 03 00 03 00 01 00 55 33 33 33 33 66 04 01 04 00 01 00 22 44 44 44 44 12 04 01 05 00 01 00 22 55 55 55 55 12 04 01 76 16 
17:40:36:782-<<<<-接收-68 00 10 87 04 01 01 00 06 00 04 00 55 66 66 66 66 66 04 02 69 16 
17:43:02:482->>>>-发送-68 00 00 07 00 16 
17:43:04:293-<<<<-接收-68 00 1C 87 01 00 02 00 01 00 00 00 55 00 00 00 00 66 02 00 02 00 01 00 22 22 22 22 22 12 04 01 85 16 
17:43:04:513-<<<<-接收-68 00 28 87 02 00 03 00 03 00 01 00 55 33 33 33 33 66 04 01 04 00 01 00 22 44 44 44 44 12 04 01 05 00 01 00 22 55 55 55 55 12 04 01 76 16 
17:43:04:703-<<<<-接收-68 00 10 87 04 01 01 00 06 00 04 00 55 66 66 66 66 66 04 02 69 16 
17:43:26:175->>>>-发送-68 00 00 07 00 16 
17:43:27:797-<<<<-接收-68 00 1C 87 01 00 02 00 01 00 00 00 55 00 00 00 00 66 02 00 02 00 01 00 22 22 22 22 22 12 04 01 85 16 
17:43:28:006-<<<<-接收-68 00 28 87 02 00 03 00 03 00 01 00 55 33 33 33 33 66 04 01 04 00 01 00 22 44 44 44 44 12 04 01 05 00 01 00 22 55 55 55 55 12 04 01 76 16 
17:43:28:186-<<<<-接收-68 00 10 87 04 01 01 00 06 00 04 00 55 66 66 66 66 66 04 02 69 16 
17:46:45:196->>>>-发送-68 00 00 07 00 16 
17:46:47:045-<<<<-接收-68 00 1C 87 01 00 02 00 01 00 00 00 55 00 00 00 00 66 02 00 02 00 01 00 22 22 22 22 22 12 04 01 85 16 
17:46:47:255-<<<<-接收-68 00 28 87 02 00 03 00 03 00 01 00 55 33 33 33 33 66 04 01 04 00 01 00 22 44 44 44 44 12 04 01 05 00 01 00 22 55 55 55 55 12 04 01 76 16 
17:46:47:432-<<<<-接收-68 00 10 87 04 01 01 00 06 00 04 00 55 66 66 66 66 66 04 02 69 16 
17:52:23:984->>>>-发送-68 00 00 07 00 16 
17:52:25:563-<<<<-接收-68 00 1C 87 01 00 02 00 01 00 00 00 55 00 00 00 00 66 02 00 02 00 01 00 22 22 22 22 22 12 04 01 85 16 
17:52:25:784-<<<<-接收-68 00 28 87 02 00 03 00 03 00 01 00 55 33 33 33 33 66 04 01 04 00 01 00 22 44 44 44 44 12 04 01 05 00 01 00 22 55 55 55 55 12 04 01 76 16 
17:52:25:974-<<<<-接收-68 00 10 87 04 01 01 00 06 00 04 00 55 66 66 66 66 66 04 02 69 16 
17:53:38:980->>>>-发送-68 00 00 07 00 16 
17:53:40:701-<<<<-接收-68 00 1C 87 01 00 02 00 01 00 00 00 55 00 00 00 00 66 02 00 02 00 01 00 22 22 22 22 22 12 04 01 85 16 
17:53:40:921-<<<<-接收-68 00 28 87 02 00 03 00 03 00 01 00 55 33 33 33 33 66 04 01 04 00 01 00 22 44 44 44 44 12 04 01 05 00 01 00 22 55 55 55 55 12 04 01 76 16 
17:53:41:110-<<<<-接收-68 00 10 87 04 01 01 00 06 00 04 00 55 66 66 66 66 66 04 02 69 16 
17:54:30:547->>>>-发送-68 00 00 07 00 16 
17:54:32:239-<<<<-接收-68 00 1C 87 01 00 02 00 01 00 00 00 55 00 00 00 00 66 02 00 02 00 01 00 22 22 22 22 22 12 04 01 85 16 
17:54:32:454-<<<<-接收-68 00 28 87 02 00 03 00 03 00 01 00 55 33 33 33 33 66 04 01 04 00 01 00 22 44 44 44 44 12 04 01 05 00 01 00 22 55 55 55 55 12 04 01 76 16 
17:54:32:646-<<<<-接收-68 00 10 87 04 01 01 00 06 00 04 00 55 66 66 66 66 66 04 02 69 16 
17:55:32:229->>>>-发送-68 00 00 07 00 16 
17:55:33:837-<<<<-接收-68 00 1C 87 01 00 02 00 01 00 00 00 55 00 00 00 00 66 02 00 02 00 01 00 22 22 22 22 22 12 04 01 85 16 
17:55:34:047-<<<<-接收-68 00 28 87 02 00 03 00 03 00 01 00 55 33 33 33 33 66 04 01 04 00 01 00 22 44 44 44 44 12 04 01 05 00 01 00 22 55 55 55 55 12 04 01 76 16 
17:55:34:226-<<<<-接收-68 00 10 87 04 01 01 00 06 00 04 00 55 66 66 66 66 66 04 02 69 16 
17:55:40:423->>>>-发送-68 00 00 07 00 16 
17:55:42:107-<<<<-接收-68 00 1C 87 01 00 02 00 01 00 00 00 55 00 00 00 00 66 02 00 02 00 01 00 22 22 22 22 22 12 04 01 85 16 
17:55:42:328-<<<<-接收-68 00 28 87 02 00 03 00 03 00 01 00 55 33 33 33 33 66 04 01 04 00 01 00 22 44 44 44 44 12 04 01 05 00 01 00 22 55 55 55 55 12 04 01 76 16 
17:55:42:509-<<<<-接收-68 00 10 87 04 01 01 00 06 00 04 00 55 66 66 66 66 66 04 02 69 16 
17:55:49:754->>>>-发送-68 00 00 07 00 16 
17:55:51:482-<<<<-接收-68 00 1C 87 01 00 02 00 01 00 00 00 55 00 00 00 00 66 02 00 02 00 01 00 22 22 22 22 22 12 04 01 85 16 
17:55:51:692-<<<<-接收-68 00 28 87 02 00 03 00 03 00 01 00 55 33 33 33 33 66 04 01 04 00 01 00 22 44 44 44 44 12 04 01 05 00 01 00 22 55 55 55 55 12 04 01 76 16 
17:55:51:871-<<<<-接收-68 00 10 87 04 01 01 00 06 00 04 00 55 66 66 66 66 66 04 02 69 16 
18:15:13:903->>>>-发送-68 00 00 07 00 16 
18:15:15:611-<<<<-接收-68 00 1C 87 01 00 02 00 01 00 00 00 55 00 00 00 00 66 02 00 02 00 01 00 22 22 22 22 22 12 04 01 85 16 
18:15:15:830-<<<<-接收-68 00 28 87 02 00 03 00 03 00 01 00 55 33 33 33 33 66 04 01 04 00 01 00 22 44 44 44 44 12 04 01 05 00 01 00 22 55 55 55 55 12 04 01 76 16 
18:15:16:010-<<<<-接收-68 00 10 87 04 01 01 00 06 00 05 00 55 66 66 66 66 66 04 02 6A 16 
18:15:25:442->>>>-发送-68 00 00 07 00 16 
18:15:27:540-<<<<-接收-68 00 1C 87 01 00 02 00 01 00 00 00 55 00 00 00 00 66 02 00 02 00 01 00 22 22 22 22 22 12 04 01 85 16 
18:15:27:741-<<<<-接收-68 00 28 87 02 00 03 00 03 00 01 00 55 33 33 33 33 66 04 01 04 00 01 00 22 44 44 44 44 12 04 01 05 00 01 00 22 55 55 55 55 12 04 01 76 16 
18:15:27:928-<<<<-接收-68 00 10 87 04 01 01 00 06 00 05 00 55 66 66 66 66 66 04 02 6A 16 
