16:42:54:149->>>>-发送-68 0F 00 43 01 00 00 00 00 00 10 01 00 55 16 
16:42:55:794-<<<<-接收-68 13 00 83 00 00 00 00 00 00 10 01 00 19 00 F8 07 AC 16 
16:42:55:797->>>>-发送-68 12 00 43 01 00 00 00 00 01 10 10 02 01 00 0A 72 16 
16:42:56:941-<<<<-接收-68 82 00 83 00 00 00 00 00 01 10 10 02 10 00 01 00 0A 61 50 13 93 A1 00 01 00 00 00 40 84 02 11 07 17 00 02 00 01 00 11 85 02 11 07 17 00 03 00 01 00 11 88 03 11 07 17 00 04 00 01 00 11 87 02 11 07 17 00 05 00 01 00 11 78 02 11 07 17 00 06 00 01 00 11 86 02 11 07 17 00 07 00 01 00 11 94 03 11 07 17 00 08 00 01 00 21 81 02 11 07 17 00 09 00 08 00 12 82 02 11 07 17 00 0A 00 08 00 12 5A 16 
16:42:56:943->>>>-发送-68 12 00 43 01 00 00 00 00 02 10 10 02 0B 00 0A 7D 16 
16:42:58:469-<<<<-接收-68 56 00 83 00 00 00 00 00 02 10 10 02 10 00 0B 00 06 26 06 11 07 17 00 0B 00 08 00 22 28 06 11 07 17 00 0C 00 0B 00 23 32 06 11 07 17 00 0D 00 0C 00 14 23 06 11 07 17 00 0E 00 0B 00 13 19 06 11 07 17 00 0F 00 0B 00 13 37 06 11 07 17 00 10 00 0B 00 13 1C 16 
16:42:58:470->>>>-发送-68 12 00 43 01 00 00 00 00 03 10 10 02 15 00 07 85 16 
16:48:55:472->>>>-发送-68 0F 00 43 01 00 00 00 00 00 10 01 00 55 16 
16:48:56:963-<<<<-接收-68 13 00 83 00 00 00 00 00 00 10 01 00 19 00 F8 07 AC 16 
16:48:56:971->>>>-发送-68 12 00 43 01 00 00 00 00 01 10 10 02 01 00 0A 72 16 
16:48:57:750-<<<<-接收-68 82 00 83 00 00 00 00 00 01 10 10 02 10 00 01 00 0A 61 50 13 93 A1 00 01 00 00 00 40 84 02 11 07 17 00 02 00 01 00 11 85 02 11 07 17 00 03 00 01 00 11 88 03 11 07 17 00 04 00 01 00 11 87 02 11 07 17 00 05 00 01 00 11 78 02 11 07 17 00 06 00 01 00 11 86 02 11 07 17 00 07 00 01 00 11 94 03 11 07 17 00 08 00 01 00 21 81 02 11 07 17 00 09 00 08 00 12 82 02 11 07 17 00 0A 00 08 00 12 5A 16 
16:48:57:758->>>>-发送-68 12 00 43 01 00 00 00 00 02 10 10 02 0B 00 0A 7D 16 
16:48:58:908-<<<<-接收-68 56 00 83 00 00 00 00 00 02 10 10 02 10 00 0B 00 06 26 06 11 07 17 00 0B 00 08 00 22 28 06 11 07 17 00 0C 00 0B 00 23 32 06 11 07 17 00 0D 00 0C 00 14 23 06 11 07 17 00 0E 00 0B 00 13 19 06 11 07 17 00 0F 00 0B 00 13 37 06 11 07 17 00 10 00 0B 00 13 1C 16 
16:48:58:913->>>>-发送-68 12 00 43 01 00 00 00 00 03 10 10 02 15 00 06 84 16 
