13:51:43:079->>>>-发送-68 0F 00 43 01 00 00 00 00 00 10 01 00 55 16 
13:51:44:059-<<<<-接收-68 13 00 83 00 00 40 00 00 01 10 01 00 04 00 F8 03 D4 16 
13:51:44:064->>>>-发送-68 12 00 43 01 00 00 00 00 01 10 10 02 01 00 05 6D 16 
13:51:44:643-<<<<-接收-68 4B 00 83 00 00 40 00 00 02 10 10 02 05 00 01 00 05 11 11 11 11 11 11 01 00 01 00 40 14 96 31 20 28 02 02 00 01 00 21 34 07 38 37 55 86 03 00 02 00 22 54 06 07 14 26 33 04 00 03 00 23 94 80 18 31 53 38 05 00 04 00 14 8C 16 
15:34:24:961->>>>-发送-68 0F 00 43 01 00 00 00 00 00 10 01 00 55 16 
15:34:25:020-<<<<-接收-68 13 00 83 00 00 40 00 FE 00 10 01 00 04 00 F8 03 D1 16 
15:34:25:025->>>>-发送-68 12 00 43 01 00 00 00 00 01 10 10 02 01 00 05 6D 16 
15:34:25:207-<<<<-接收-68 40 00 83 00 00 40 00 00 01 10 10 02 04 00 01 00 04 11 11 11 11 11 11 01 00 00 00 40 14 96 31 20 28 02 02 00 01 00 21 34 07 38 37 55 86 03 00 02 00 22 54 06 07 14 26 33 04 00 03 00 13 73 16 
15:34:34:024->>>>-发送-68 2F 00 43 05 00 00 00 00 02 00 00 00 00 00 00 14 96 31 20 28 02 13 01 00 CC 00 00 10 68 14 96 31 20 28 02 68 11 04 33 33 34 33 D7 16 23 16 
15:34:34:143-<<<<-接收-68 10 00 83 00 00 40 00 FE 02 00 02 00 05 CA 16 
15:34:37:038->>>>-发送-68 2F 00 43 05 00 00 00 00 03 00 00 00 00 00 00 34 07 38 37 55 86 13 01 00 CC 00 00 10 68 34 07 38 37 55 86 68 11 04 33 33 34 33 37 16 44 16 
15:34:37:142-<<<<-接收-68 10 00 83 00 00 40 00 FE 03 00 02 00 05 CB 16 
15:34:39:993->>>>-发送-68 2F 00 43 05 00 00 00 00 04 00 00 00 00 00 00 54 06 07 14 26 33 13 01 00 CC 00 00 10 68 54 06 07 14 26 33 68 11 04 33 33 34 33 80 16 20 16 
15:34:40:097-<<<<-接收-68 10 00 83 00 00 40 00 FE 04 00 02 00 05 CC 16 
15:34:49:840->>>>-发送-68 2F 00 43 05 00 00 00 00 05 00 00 00 00 00 00 14 96 31 20 28 02 13 01 00 CC 00 00 10 68 14 96 31 20 28 02 68 11 04 33 33 34 33 D7 16 26 16 
15:34:49:947-<<<<-接收-68 10 00 83 00 00 40 00 FE 05 00 02 00 05 CD 16 
15:35:42:819->>>>-发送-68 0F 00 43 01 00 00 00 00 00 10 01 00 55 16 
15:35:42:892-<<<<-接收-68 13 00 83 00 00 40 00 06 00 10 01 00 04 00 F8 03 D9 16 
15:35:42:893->>>>-发送-68 12 00 43 01 00 00 00 00 01 10 10 02 01 00 05 6D 16 
15:35:43:078-<<<<-接收-68 40 00 83 00 00 40 00 00 01 10 10 02 04 00 01 00 04 11 11 11 11 11 11 01 00 00 00 40 14 96 31 20 28 02 02 00 01 00 21 34 07 38 37 55 86 03 00 02 00 22 54 06 07 14 26 33 04 00 03 00 13 73 16 
15:35:47:064->>>>-发送-68 2F 00 43 05 00 00 00 00 02 01 BE BE BE BE BE 11 11 11 11 11 11 13 01 00 CC 00 00 10 68 11 11 11 11 11 11 68 11 04 33 33 34 33 18 16 9D 16 
15:35:47:171-<<<<-接收-68 10 00 83 08 10 40 00 00 02 00 02 00 07 E6 16 
15:35:50:239->>>>-发送-68 2F 00 43 05 00 00 00 00 03 01 BE BE BE BE BE 02 28 20 31 96 14 13 01 00 CC 00 00 10 68 02 28 20 31 96 14 68 11 04 33 33 34 33 D7 16 DB 16 
15:35:50:336-<<<<-接收-68 10 00 83 00 00 40 00 00 03 00 02 00 07 CF 16 
15:35:52:721->>>>-发送-68 2F 00 43 05 00 00 00 00 04 01 BE BE BE BE BE 86 55 37 38 07 34 13 01 00 CC 00 00 10 68 86 55 37 38 07 34 68 11 04 33 33 34 33 37 16 FC 16 
15:35:52:839-<<<<-接收-68 10 00 83 00 00 40 00 00 04 00 02 00 07 D0 16 
15:35:54:500->>>>-发送-68 2F 00 43 05 00 00 00 00 05 01 BE BE BE BE BE 33 26 14 07 06 54 13 01 00 CC 00 00 10 68 33 26 14 07 06 54 68 11 04 33 33 34 33 80 16 D8 16 
15:35:54:596-<<<<-接收-68 10 00 83 00 00 40 00 04 05 00 02 00 07 D5 16 
15:37:14:350->>>>-发送-68 0F 00 43 01 00 00 00 00 00 10 01 00 55 16 
15:37:14:413-<<<<-接收-68 13 00 83 00 00 40 00 04 00 10 01 00 04 00 F8 03 D7 16 
15:37:14:418->>>>-发送-68 12 00 43 01 00 00 00 00 01 10 10 02 01 00 05 6D 16 
15:37:14:585-<<<<-接收-68 40 00 83 00 00 40 00 00 01 10 10 02 04 00 01 00 04 11 11 11 11 11 11 01 00 00 00 40 14 96 31 20 28 02 02 00 01 00 21 34 07 38 37 55 86 03 00 02 00 22 54 06 07 14 26 33 04 00 03 00 13 73 16 
15:37:20:294->>>>-发送-68 2F 00 43 05 00 00 00 00 02 01 BE BE BE BE BE 14 96 31 20 28 02 13 01 00 CC 00 00 10 68 14 96 31 20 28 02 68 11 04 33 33 34 33 D7 16 DA 16 
15:37:20:410-<<<<-接收-68 10 00 83 00 00 40 00 FE 02 00 02 00 05 CA 16 
15:38:59:128->>>>-发送-68 0F 00 43 01 00 00 00 00 03 10 01 00 58 16 
15:38:59:192-<<<<-接收-68 13 00 83 00 00 40 00 FE 03 10 01 00 04 00 F8 03 D4 16 
15:38:59:202->>>>-发送-68 12 00 43 01 00 00 00 00 04 10 10 02 01 00 05 70 16 
15:38:59:362-<<<<-接收-68 40 00 83 00 00 40 00 00 04 10 10 02 04 00 01 00 04 11 11 11 11 11 11 01 00 00 00 40 14 96 31 20 28 02 02 00 01 00 21 34 07 38 37 55 86 03 00 02 00 22 54 06 07 14 26 33 04 00 03 00 13 76 16 
15:39:10:567->>>>-发送-68 0F 00 43 01 00 00 00 00 05 10 01 00 5A 16 
15:39:10:621-<<<<-接收-68 13 00 83 00 00 40 00 00 05 10 01 00 04 00 F8 03 D8 16 
15:39:10:633->>>>-发送-68 12 00 43 01 00 00 00 00 06 10 10 02 01 00 05 72 16 
15:39:10:811-<<<<-接收-68 40 00 83 00 00 40 00 00 06 10 10 02 04 00 01 00 04 11 11 11 11 11 11 01 00 00 00 40 14 96 31 20 28 02 02 00 01 00 21 34 07 38 37 55 86 03 00 02 00 22 54 06 07 14 26 33 04 00 03 00 13 78 16 
15:39:16:069->>>>-发送-68 0F 00 43 01 00 00 00 00 07 10 01 00 5C 16 
15:39:16:123-<<<<-接收-68 13 00 83 00 00 40 00 00 07 10 01 00 04 00 F8 03 DA 16 
15:39:16:150->>>>-发送-68 12 00 43 01 00 00 00 00 08 10 10 02 01 00 05 74 16 
15:39:16:327-<<<<-接收-68 40 00 83 00 00 40 00 00 08 10 10 02 04 00 01 00 04 11 11 11 11 11 11 01 00 00 00 40 14 96 31 20 28 02 02 00 01 00 21 34 07 38 37 55 86 03 00 02 00 22 54 06 07 14 26 33 04 00 03 00 13 7A 16 
15:39:21:531->>>>-发送-68 0F 00 43 01 00 00 00 00 09 10 01 00 5E 16 
15:39:21:607-<<<<-接收-68 13 00 83 00 00 40 00 FE 09 10 01 00 04 00 F8 03 DA 16 
15:39:21:620->>>>-发送-68 12 00 43 01 00 00 00 00 0A 10 10 02 01 00 05 76 16 
15:39:21:799-<<<<-接收-68 4B 00 83 00 00 40 00 00 0A 10 10 02 05 00 01 00 05 11 11 11 11 11 11 01 00 00 00 40 14 96 31 20 28 02 02 00 01 00 21 34 07 38 37 55 86 03 00 02 00 22 54 06 07 14 26 33 04 00 03 00 23 94 80 18 31 53 38 05 00 04 00 14 93 16 
15:39:27:056->>>>-发送-68 0F 00 43 01 00 00 00 00 0B 10 01 00 60 16 
15:39:27:155-<<<<-接收-68 13 00 83 00 00 40 00 06 0B 10 01 00 04 00 F8 03 E4 16 
15:39:27:172->>>>-发送-68 12 00 43 01 00 00 00 00 0C 10 10 02 01 00 05 78 16 
15:39:27:447-<<<<-接收-68 4B 00 83 00 00 40 00 00 0C 10 10 02 05 00 01 00 05 11 11 11 11 11 11 01 00 00 00 40 14 96 31 20 28 02 02 00 01 00 21 34 07 38 37 55 86 03 00 02 00 22 54 06 07 14 26 33 04 00 03 00 23 94 80 18 31 53 38 05 00 04 00 14 95 16 
15:39:32:588->>>>-发送-68 0F 00 43 01 00 00 00 00 0D 10 01 00 62 16 
15:39:32:661-<<<<-接收-68 13 00 83 00 00 40 00 00 0D 10 01 00 04 00 F8 03 E0 16 
15:39:32:664->>>>-发送-68 12 00 43 01 00 00 00 00 0E 10 10 02 01 00 05 7A 16 
15:39:32:864-<<<<-接收-68 4B 00 83 00 00 40 00 00 0E 10 10 02 05 00 01 00 05 11 11 11 11 11 11 01 00 00 00 40 14 96 31 20 28 02 02 00 01 00 21 34 07 38 37 55 86 03 00 02 00 22 54 06 07 14 26 33 04 00 03 00 23 94 80 18 31 53 38 05 00 04 00 14 97 16 
15:39:38:141->>>>-发送-68 0F 00 43 01 00 00 00 00 0F 10 01 00 64 16 
15:39:38:249-<<<<-接收-68 13 00 83 00 00 40 00 00 0F 10 01 00 04 00 F8 03 E2 16 
15:39:38:260->>>>-发送-68 12 00 43 01 00 00 00 00 10 10 10 02 01 00 05 7C 16 
15:39:38:463-<<<<-接收-68 4B 00 83 00 00 40 00 00 10 10 10 02 05 00 01 00 05 11 11 11 11 11 11 01 00 00 00 40 14 96 31 20 28 02 02 00 01 00 21 34 07 38 37 55 86 03 00 02 00 22 54 06 07 14 26 33 04 00 03 00 23 94 80 18 31 53 38 05 00 04 00 14 99 16 
15:39:43:719->>>>-发送-68 0F 00 43 01 00 00 00 00 11 10 01 00 66 16 
15:39:43:806-<<<<-接收-68 13 00 83 00 00 40 00 00 11 10 01 00 04 00 F8 03 E4 16 
15:39:43:817->>>>-发送-68 12 00 43 01 00 00 00 00 12 10 10 02 01 00 05 7E 16 
15:39:44:025-<<<<-接收-68 4B 00 83 00 00 40 00 00 12 10 10 02 05 00 01 00 05 11 11 11 11 11 11 01 00 00 00 40 14 96 31 20 28 02 02 00 01 00 21 34 07 38 37 55 86 03 00 02 00 22 54 06 07 14 26 33 04 00 03 00 23 94 80 18 31 53 38 05 00 04 00 14 9B 16 
15:39:49:397->>>>-发送-68 0F 00 43 01 00 00 00 00 13 10 01 00 68 16 
15:39:49:482-<<<<-接收-68 13 00 83 00 00 40 00 00 13 10 01 00 04 00 F8 03 E6 16 
15:39:49:513->>>>-发送-68 12 00 43 01 00 00 00 00 14 10 10 02 01 00 05 80 16 
15:39:49:801-<<<<-接收-68 4B 00 83 00 00 40 00 00 14 10 10 02 05 00 01 00 05 11 11 11 11 11 11 01 00 00 00 40 14 96 31 20 28 02 02 00 01 00 21 34 07 38 37 55 86 03 00 02 00 22 54 06 07 14 26 33 04 00 03 00 23 94 80 18 31 53 38 05 00 04 00 14 9D 16 
15:39:55:202->>>>-发送-68 0F 00 43 01 00 00 00 00 15 10 01 00 6A 16 
15:39:55:309-<<<<-接收-68 13 00 83 00 00 40 00 00 15 10 01 00 04 00 F8 03 E8 16 
15:39:55:327->>>>-发送-68 12 00 43 01 00 00 00 00 16 10 10 02 01 00 05 82 16 
15:39:55:542-<<<<-接收-68 4B 00 83 00 00 40 00 00 16 10 10 02 05 00 01 00 05 11 11 11 11 11 11 01 00 00 00 40 14 96 31 20 28 02 02 00 01 00 21 34 07 38 37 55 86 03 00 02 00 22 54 06 07 14 26 33 04 00 03 00 23 94 80 18 31 53 38 05 00 04 00 14 9F 16 
15:40:00:737->>>>-发送-68 0F 00 43 01 00 00 00 00 17 10 01 00 6C 16 
15:40:00:811-<<<<-接收-68 13 00 83 00 00 40 00 06 17 10 01 00 04 00 F8 03 F0 16 
15:40:00:817->>>>-发送-68 12 00 43 01 00 00 00 00 18 10 10 02 01 00 05 84 16 
15:40:01:008-<<<<-接收-68 4B 00 83 00 00 40 00 00 18 10 10 02 05 00 01 00 05 11 11 11 11 11 11 01 00 00 00 40 14 96 31 20 28 02 02 00 01 00 21 34 07 38 37 55 86 03 00 02 00 22 54 06 07 14 26 33 04 00 03 00 23 94 80 18 31 53 38 05 00 04 00 14 A1 16 
15:40:06:184->>>>-发送-68 0F 00 43 01 00 00 00 00 19 10 01 00 6E 16 
15:40:06:247-<<<<-接收-68 13 00 83 00 00 40 00 06 19 10 01 00 04 00 F8 03 F2 16 
15:40:06:250->>>>-发送-68 12 00 43 01 00 00 00 00 1A 10 10 02 01 00 05 86 16 
15:40:06:456-<<<<-接收-68 4B 00 83 00 00 40 00 00 1A 10 10 02 05 00 01 00 05 11 11 11 11 11 11 01 00 00 00 40 14 96 31 20 28 02 02 00 01 00 21 34 07 38 37 55 86 03 00 02 00 22 54 06 07 14 26 33 04 00 03 00 23 94 80 18 31 53 38 05 00 04 00 14 A3 16 
15:40:11:872->>>>-发送-68 0F 00 43 01 00 00 00 00 1B 10 01 00 70 16 
15:40:11:992-<<<<-接收-68 13 00 83 00 00 40 00 00 1B 10 01 00 04 00 F8 03 EE 16 
15:40:12:015->>>>-发送-68 12 00 43 01 00 00 00 00 1C 10 10 02 01 00 05 88 16 
15:40:12:280-<<<<-接收-68 4B 00 83 00 00 40 00 00 1C 10 10 02 05 00 01 00 05 11 11 11 11 11 11 01 00 00 00 40 14 96 31 20 28 02 02 00 01 00 21 34 07 38 37 55 86 03 00 02 00 22 54 06 07 14 26 33 04 00 03 00 23 94 80 18 31 53 38 05 00 04 00 14 A5 16 
15:40:17:636->>>>-发送-68 0F 00 43 01 00 00 00 00 1D 10 01 00 72 16 
15:40:17:700-<<<<-接收-68 13 00 83 00 00 40 00 00 1D 10 01 00 04 00 F8 03 F0 16 
15:40:17:707->>>>-发送-68 12 00 43 01 00 00 00 00 1E 10 10 02 01 00 05 8A 16 
15:40:18:012-<<<<-接收-68 4B 00 83 00 00 40 00 00 1E 10 10 02 05 00 01 00 05 11 11 11 11 11 11 01 00 00 00 40 14 96 31 20 28 02 02 00 01 00 21 34 07 38 37 55 86 03 00 02 00 22 54 06 07 14 26 33 04 00 03 00 23 94 80 18 31 53 38 05 00 04 00 14 A7 16 
15:40:23:226->>>>-发送-68 0F 00 43 01 00 00 00 00 1F 10 01 00 74 16 
15:40:23:323-<<<<-接收-68 13 00 83 00 00 40 00 00 1F 10 01 00 04 00 F8 03 F2 16 
15:40:23:330->>>>-发送-68 12 00 43 01 00 00 00 00 20 10 10 02 01 00 05 8C 16 
15:40:23:613-<<<<-接收-68 4B 00 83 00 00 40 00 00 20 10 10 02 05 00 01 00 05 11 11 11 11 11 11 01 00 00 00 40 14 96 31 20 28 02 02 00 01 00 21 34 07 38 37 55 86 03 00 02 00 22 54 06 07 14 26 33 04 00 03 00 23 94 80 18 31 53 38 05 00 04 00 14 A9 16 
15:40:29:098->>>>-发送-68 0F 00 43 01 00 00 00 00 21 10 01 00 76 16 
15:40:29:162-<<<<-接收-68 13 00 83 00 00 40 00 00 21 10 01 00 04 00 F8 03 F4 16 
15:40:29:179->>>>-发送-68 12 00 43 01 00 00 00 00 22 10 10 02 01 00 05 8E 16 
15:40:29:368-<<<<-接收-68 4B 00 83 00 00 40 00 00 22 10 10 02 05 00 01 00 05 11 11 11 11 11 11 01 00 00 00 40 14 96 31 20 28 02 02 00 01 00 21 34 07 38 37 55 86 03 00 02 00 22 54 06 07 14 26 33 04 00 03 00 23 94 80 18 31 53 38 05 00 04 00 14 AB 16 
15:43:36:583->>>>-发送-68 2F 00 43 05 00 00 00 00 00 01 BE BE BE BE BE 22 22 22 22 22 22 13 01 00 CC 00 00 10 68 22 22 22 22 22 22 68 11 04 33 33 34 33 7E 16 CD 16 
15:56:29:796->>>>-发送-68 0F 00 43 01 00 00 00 00 00 10 01 00 55 16 
15:56:29:860-<<<<-接收-68 13 00 83 00 00 40 00 04 00 10 01 00 04 00 F8 03 D7 16 
15:56:29:863->>>>-发送-68 12 00 43 01 00 00 00 00 01 10 10 02 01 00 05 6D 16 
15:56:30:030-<<<<-接收-68 40 00 83 00 00 40 00 00 01 10 10 02 04 00 01 00 04 11 11 11 11 11 11 01 00 00 00 40 14 96 31 20 28 02 02 00 01 00 21 34 07 38 37 55 86 03 00 02 00 22 54 06 07 14 26 33 04 00 03 00 13 73 16 
15:56:33:900->>>>-发送-68 2F 00 43 05 00 00 00 00 02 01 BE BE BE BE BE 14 96 31 20 28 02 13 01 00 02 00 00 10 68 14 96 31 20 28 02 68 11 04 33 33 34 33 D7 16 10 16 
15:56:34:319-<<<<-接收-68 33 00 83 04 B1 10 FF 32 02 14 96 31 20 28 02 01 BE BE BE BE BE 13 01 00 01 00 02 14 68 14 96 31 20 28 02 68 91 08 33 33 34 33 5C 43 33 33 60 16 58 16 
15:56:37:744->>>>-发送-68 2F 00 43 05 00 00 00 00 03 01 BE BE BE BE BE 34 07 38 37 55 86 13 01 00 02 00 00 10 68 34 07 38 37 55 86 68 11 04 33 33 34 33 37 16 31 16 
15:56:38:418-<<<<-接收-68 33 00 83 04 B1 10 FF 34 03 34 07 38 37 55 86 01 BE BE BE BE BE 13 01 00 01 00 02 14 68 34 07 38 37 55 86 68 91 08 33 33 34 33 5C 43 33 33 C0 16 7B 16 
15:56:39:732->>>>-发送-68 2F 00 43 05 00 00 00 00 04 01 BE BE BE BE BE 54 06 07 14 26 33 13 01 00 02 00 00 10 68 54 06 07 14 26 33 68 11 04 33 33 34 33 80 16 0D 16 
15:56:56:069->>>>-发送-68 2F 00 43 05 00 00 00 00 05 01 BE BE BE BE BE 54 06 07 14 26 33 13 01 00 02 00 00 10 68 54 06 07 14 26 33 68 11 04 33 33 34 33 80 16 0E 16 
15:56:56:945-<<<<-接收-68 33 00 83 04 B1 10 FF 36 05 54 06 07 14 26 33 01 BE BE BE BE BE 13 01 00 01 00 02 14 68 54 06 07 14 26 33 68 91 08 33 33 34 33 5C 43 33 33 09 16 5A 16 
15:57:44:945->>>>-发送-68 0F 00 43 01 00 00 00 00 06 10 01 00 5B 16 
15:57:45:031-<<<<-接收-68 13 00 83 00 B0 40 00 36 06 10 01 00 04 00 F8 03 BF 16 
15:57:45:038->>>>-发送-68 12 00 43 01 00 00 00 00 07 10 10 02 01 00 05 73 16 
15:57:45:261-<<<<-接收-68 40 00 83 00 00 40 00 00 07 10 10 02 04 00 01 00 04 11 11 11 11 11 11 01 00 00 00 40 14 96 31 20 28 02 02 00 01 00 21 34 07 38 37 55 86 03 00 02 00 22 54 06 07 14 26 33 04 00 03 00 13 79 16 
16:52:43:491->>>>-发送-68 0F 00 43 01 00 00 00 00 00 10 01 00 55 16 
16:52:43:566-<<<<-接收-68 13 00 83 00 00 40 00 FE 00 10 01 00 04 00 F8 03 D1 16 
16:52:43:570->>>>-发送-68 12 00 43 01 00 00 00 00 01 10 10 02 01 00 05 6D 16 
16:52:43:731-<<<<-接收-68 35 00 83 00 00 40 00 00 01 10 10 02 03 00 01 00 03 11 11 11 11 11 11 01 00 00 00 40 14 96 31 20 28 02 02 00 01 00 21 34 07 38 37 55 86 03 00 02 00 12 79 16 
16:52:47:431->>>>-发送-68 2F 00 43 05 00 00 00 00 02 01 BE BE BE BE BE 34 07 38 37 55 86 13 01 00 02 00 00 10 68 34 07 38 37 55 86 68 11 04 33 33 34 33 37 16 30 16 
16:53:04:245->>>>-发送-68 2F 00 43 05 00 00 00 00 03 01 BE BE BE BE BE 14 96 31 20 28 02 13 01 00 02 00 00 10 68 14 96 31 20 28 02 68 11 04 33 33 34 33 D7 16 11 16 
16:53:11:571-<<<<-接收-68 10 00 83 00 40 40 00 06 02 00 02 00 0B 18 16 
18:06:37:550->>>>-发送-68 0F 00 43 01 00 00 00 00 00 10 01 00 55 16 
18:06:37:616-<<<<-接收-68 13 00 83 00 00 40 00 00 00 10 01 00 04 00 F8 03 D3 16 
18:06:37:618->>>>-发送-68 12 00 43 01 00 00 00 00 01 10 10 02 01 00 05 6D 16 
18:06:37:817-<<<<-接收-68 4B 00 83 00 00 40 00 00 01 10 10 02 05 00 01 00 05 11 11 11 11 11 11 01 00 00 00 40 14 96 31 20 28 02 02 00 01 00 21 34 07 38 37 55 86 03 00 02 00 22 54 06 07 14 26 33 04 00 03 00 23 94 80 18 31 53 38 05 00 04 00 14 8A 16 
18:10:23:577->>>>-发送-68 0F 00 43 01 00 00 00 00 00 10 01 00 55 16 
18:10:23:653-<<<<-接收-68 13 00 83 00 00 40 00 00 00 10 01 00 04 00 F8 03 D3 16 
18:10:23:656->>>>-发送-68 12 00 43 01 00 00 00 00 01 10 10 02 01 00 05 6D 16 
18:10:23:855-<<<<-接收-68 4B 00 83 00 00 40 00 00 01 10 10 02 05 00 01 00 05 11 11 11 11 11 11 01 00 00 00 40 14 96 31 20 28 02 02 00 01 00 21 34 07 38 37 55 86 03 00 02 00 22 54 06 07 14 26 33 04 00 03 00 23 94 80 18 31 53 38 05 00 04 00 14 8A 16 
18:11:41:166->>>>-发送-68 0F 00 43 01 00 00 00 00 00 10 01 00 55 16 
18:11:41:234-<<<<-接收-68 13 00 83 00 00 40 00 00 00 10 01 00 04 00 F8 03 D3 16 
18:11:41:245->>>>-发送-68 12 00 43 01 00 00 00 00 01 10 10 02 01 00 05 6D 16 
18:11:41:439-<<<<-接收-68 4B 00 83 00 00 40 00 00 01 10 10 02 05 00 01 00 05 11 11 11 11 11 11 01 00 00 00 40 14 96 31 20 28 02 02 00 01 00 21 34 07 38 37 55 86 03 00 02 00 22 54 06 07 14 26 33 04 00 03 00 23 94 80 18 31 53 38 05 00 04 00 14 8A 16 
