15:33:52:395->>>>-发送-68 12 00 43 01 00 00 00 00 00 F0 20 13 00 00 00 67 16 
15:34:19:913->>>>-发送-68 0F 00 43 01 00 00 00 00 00 10 01 00 55 16 
15:34:39:212->>>>-发送-68 0F 00 43 01 00 00 00 00 00 10 01 00 55 16 
15:34:39:316-<<<<-接收-68 13 00 83 00 00 00 00 00 00 10 01 00 01 00 F8 07 94 16 
15:34:39:369->>>>-发送-68 12 00 43 01 00 00 00 00 00 10 01 00 CC CC CC B9 16 
15:34:39:474-<<<<-接收-68 13 00 83 00 00 00 00 00 00 10 01 00 01 00 F8 07 94 16 
15:34:39:478->>>>-发送-68 12 00 43 01 00 00 00 00 00 10 02 00 01 00 0A 61 16 
15:34:39:602-<<<<-接收-68 1A 00 83 00 00 00 00 00 00 10 02 00 01 00 01 06 00 00 00 00 00 00 10 AD 16 
15:34:46:165->>>>-发送-68 12 00 43 01 00 00 00 00 00 F0 20 13 00 00 00 67 16 
15:34:46:298-<<<<-接收-68 10 00 83 00 00 00 00 00 00 00 02 00 01 86 16 
16:12:44:514->>>>-发送-68 12 00 43 01 00 00 00 00 00 10 01 00 CC CC CC B9 16 
16:12:44:616-<<<<-接收-68 13 00 83 00 00 00 00 00 00 10 01 00 01 00 F8 07 94 16 
16:12:44:621->>>>-发送-68 12 00 43 01 00 00 00 00 00 F0 01 13 01 00 01 4A 16 
16:12:44:725-<<<<-接收-68 10 00 83 00 00 00 00 00 00 00 02 00 0C 91 16 
16:14:57:768->>>>-发送-68 12 00 43 01 00 00 00 00 00 10 01 00 CC CC CC B9 16 
16:14:57:873-<<<<-接收-68 13 00 83 00 00 00 00 00 00 10 01 00 01 00 F8 07 94 16 
16:14:57:878->>>>-发送-68 12 00 43 01 00 00 00 00 00 F0 20 13 01 00 01 69 16 
16:14:58:003-<<<<-接收-68 10 00 83 00 00 00 00 00 00 00 02 00 01 86 16 
16:15:38:194->>>>-发送-68 12 00 43 01 00 00 00 00 00 10 01 00 CC CC CC B9 16 
16:15:38:298-<<<<-接收-68 13 00 83 00 00 00 00 00 00 10 01 00 01 00 F8 07 94 16 
16:15:38:303->>>>-发送-68 12 00 43 01 00 00 00 00 00 F0 20 13 01 00 01 69 16 
16:15:38:459-<<<<-接收-68 10 00 83 00 00 00 00 00 00 00 02 00 01 86 16 
16:15:46:298->>>>-发送-68 12 00 43 01 00 00 00 00 00 10 01 00 CC CC CC B9 16 
16:15:46:411-<<<<-接收-68 13 00 83 00 00 00 00 00 00 10 01 00 01 00 F8 07 94 16 
16:15:46:416->>>>-发送-68 12 00 43 01 00 00 00 00 00 F0 01 13 01 00 01 4A 16 
16:15:46:520-<<<<-接收-68 10 00 83 00 00 00 00 00 00 00 02 00 0C 91 16 
16:16:04:071->>>>-发送-68 1E 00 43 04 00 00 B0 04 00 01 00 00 00 00 10 06 00 00 00 00 00 10 01 00 CC CC CC 87 16 
16:16:04:228-<<<<-接收-68 1F 00 83 04 00 00 00 00 00 06 00 00 00 00 00 01 00 00 00 00 10 10 01 00 01 00 F8 07 AF 16 
16:16:04:233->>>>-发送-68 1E 00 43 04 00 00 B0 04 00 01 00 00 00 00 10 06 00 00 00 00 00 F0 01 13 01 00 01 18 16 
16:16:04:368-<<<<-接收-68 1C 00 83 04 00 00 00 00 00 CC CC CC CC CC CC 01 00 00 00 00 10 00 02 00 0C 6E 16 
16:16:11:584->>>>-发送-68 1E 00 43 04 00 00 B0 04 00 01 00 00 00 00 10 06 00 00 00 00 00 10 01 00 CC CC CC 87 16 
16:16:11:740-<<<<-接收-68 1F 00 83 04 00 00 00 00 00 06 00 00 00 00 00 01 00 00 00 00 10 10 01 00 01 00 F8 07 AF 16 
16:16:11:746->>>>-发送-68 1E 00 43 04 00 00 B0 04 00 01 00 00 00 00 10 06 00 00 00 00 00 F0 20 13 01 00 01 37 16 
16:16:11:913-<<<<-接收-68 1C 00 83 04 00 00 00 00 00 CC CC CC CC CC CC 01 00 00 00 00 10 00 02 00 01 63 16 
16:19:05:083->>>>-发送-68 1E 00 43 04 00 00 B0 04 00 01 00 00 00 00 10 06 00 00 00 00 00 10 01 00 CC CC CC 87 16 
16:19:05:239-<<<<-接收-68 1F 00 83 04 00 00 00 00 00 06 00 00 00 00 00 01 00 00 00 00 10 10 01 00 01 00 F8 07 AF 16 
16:19:05:246->>>>-发送-68 1E 00 43 04 00 00 B0 04 00 01 00 00 00 00 10 06 00 00 00 00 00 F0 01 13 01 00 01 18 16 
16:19:05:392-<<<<-接收-68 1C 00 83 04 00 00 00 00 00 CC CC CC CC CC CC 01 00 00 00 00 10 00 02 00 0C 6E 16 
16:19:13:414->>>>-发送-68 1B 00 43 04 00 00 B0 04 00 01 00 00 00 00 10 06 00 00 00 00 00 10 01 00 23 16 
16:19:13:571-<<<<-接收-68 1F 00 83 04 00 00 00 00 00 06 00 00 00 00 00 01 00 00 00 00 10 10 01 00 01 00 F8 07 AF 16 
16:19:13:626->>>>-发送-68 1E 00 43 04 00 00 B0 04 00 01 00 00 00 00 10 06 00 00 00 00 00 10 01 00 CC CC CC 87 16 
16:19:13:770-<<<<-接收-68 1F 00 83 04 00 00 00 00 00 06 00 00 00 00 00 01 00 00 00 00 10 10 01 00 01 00 F8 07 AF 16 
16:19:13:777->>>>-发送-68 1E 00 43 04 00 00 B0 04 00 01 00 00 00 00 10 06 00 00 00 00 00 10 02 00 01 00 0A 2F 16 
16:19:13:934-<<<<-接收-68 26 00 83 04 00 00 00 00 00 06 00 00 00 00 00 01 00 00 00 00 10 10 02 00 01 00 01 06 00 00 00 00 00 00 10 C8 16 
16:19:22:260->>>>-发送-68 1E 00 43 04 00 00 B0 04 00 01 00 00 00 00 10 06 00 00 00 00 00 10 20 00 01 00 09 4C 16 
16:19:22:426-<<<<-接收-68 26 00 83 04 00 00 00 FE 00 06 00 00 00 00 00 01 00 00 00 00 10 10 20 00 01 00 01 06 00 00 00 00 00 00 10 E4 16 
16:19:44:492->>>>-发送-68 1E 00 43 04 00 00 B0 04 00 01 00 00 00 00 10 06 00 00 00 00 00 10 01 00 CC CC CC 87 16 
16:19:44:636-<<<<-接收-68 1F 00 83 04 00 00 00 00 00 06 00 00 00 00 00 01 00 00 00 00 10 10 01 00 01 00 F8 07 AF 16 
16:19:44:642->>>>-发送-68 1E 00 43 04 00 00 B0 04 00 01 00 00 00 00 10 06 00 00 00 00 00 F0 01 13 01 00 01 18 16 
16:19:44:798-<<<<-接收-68 1C 00 83 04 00 00 00 00 00 CC CC CC CC CC CC 01 00 00 00 00 10 00 02 00 0C 6E 16 
16:19:56:877->>>>-发送-68 1E 00 43 04 00 00 B0 04 00 01 00 00 00 00 10 06 00 00 00 00 00 10 01 00 CC CC CC 87 16 
16:19:57:022-<<<<-接收-68 1F 00 83 04 00 00 00 00 00 06 00 00 00 00 00 01 00 00 00 00 10 10 01 00 01 00 F8 07 AF 16 
16:19:57:035->>>>-发送-68 1E 00 43 04 00 00 B0 04 00 01 00 00 00 00 10 06 00 00 00 00 00 F0 20 13 01 00 01 37 16 
16:19:57:200-<<<<-接收-68 1C 00 83 04 00 00 00 00 00 CC CC CC CC CC CC 01 00 00 00 00 10 00 02 00 01 63 16 
16:34:33:898->>>>-发送-68 1B 00 43 04 00 00 B0 04 00 01 00 00 00 00 10 06 00 00 00 00 00 10 01 00 23 16 
16:34:34:043-<<<<-接收-68 1F 00 83 04 00 00 00 00 00 06 00 00 00 00 00 01 00 00 00 00 10 10 01 00 01 00 F8 07 AF 16 
16:34:34:093->>>>-发送-68 1E 00 43 04 00 00 B0 04 00 01 00 00 00 00 10 06 00 00 00 00 00 10 01 00 CC CC CC 87 16 
16:34:34:238-<<<<-接收-68 1F 00 83 04 00 00 00 00 00 06 00 00 00 00 00 01 00 00 00 00 10 10 01 00 01 00 F8 07 AF 16 
16:34:34:243->>>>-发送-68 1E 00 43 04 00 00 B0 04 00 01 00 00 00 00 10 06 00 00 00 00 00 10 02 00 01 00 0A 2F 16 
16:34:34:397-<<<<-接收-68 26 00 83 04 00 00 00 00 00 06 00 00 00 00 00 01 00 00 00 00 10 10 02 00 01 00 01 06 00 00 00 00 00 00 10 C8 16 
16:34:34:490->>>>-发送-68 1E 00 43 04 00 00 B0 04 00 01 00 00 00 00 10 06 00 00 00 00 00 10 01 00 CC CC CC 87 16 
16:34:34:636-<<<<-接收-68 1F 00 83 04 00 00 00 00 00 06 00 00 00 00 00 01 00 00 00 00 10 10 01 00 01 00 F8 07 AF 16 
16:34:34:640->>>>-发送-68 1E 00 43 04 00 00 B0 04 00 01 00 00 00 00 10 06 00 00 00 00 00 F0 20 13 01 00 01 37 16 
16:34:34:785-<<<<-接收-68 1C 00 83 04 00 00 00 00 00 CC CC CC CC CC CC 01 00 00 00 00 10 00 02 00 0C 6E 16 
16:34:39:998->>>>-发送-68 1B 00 43 04 00 00 B0 04 00 01 00 00 00 00 10 06 00 00 00 00 00 10 01 00 23 16 
16:34:40:154-<<<<-接收-68 1F 00 83 04 00 00 00 00 00 06 00 00 00 00 00 01 00 00 00 00 10 10 01 00 01 00 F8 07 AF 16 
16:34:40:208->>>>-发送-68 1E 00 43 04 00 00 B0 04 00 01 00 00 00 00 10 06 00 00 00 00 00 10 01 00 CC CC CC 87 16 
16:34:40:342-<<<<-接收-68 1F 00 83 04 00 00 00 00 00 06 00 00 00 00 00 01 00 00 00 00 10 10 01 00 01 00 F8 07 AF 16 
16:34:40:347->>>>-发送-68 1E 00 43 04 00 00 B0 04 00 01 00 00 00 00 10 06 00 00 00 00 00 10 02 00 01 00 0A 2F 16 
16:34:40:502-<<<<-接收-68 26 00 83 04 00 00 00 00 00 06 00 00 00 00 00 01 00 00 00 00 10 10 02 00 01 00 01 06 00 00 00 00 00 00 10 C8 16 
16:34:58:530->>>>-发送-68 1E 00 43 04 00 00 B0 04 00 01 00 00 00 00 10 06 00 00 00 00 00 10 01 00 CC CC CC 87 16 
16:34:58:675-<<<<-接收-68 1F 00 83 04 00 00 00 00 00 06 00 00 00 00 00 01 00 00 00 00 10 10 01 00 01 00 F8 07 AF 16 
16:34:58:681->>>>-发送-68 1E 00 43 04 00 00 B0 04 00 01 00 00 00 00 10 06 00 00 00 00 00 F0 01 13 01 00 01 18 16 
16:34:59:114-<<<<-接收-68 55 00 83 04 00 00 00 00 00 06 00 00 00 00 00 01 00 00 00 00 10 F0 01 13 01 00 01 06 00 00 00 00 00 42 11 04 17 20 09 01 00 00 11 04 17 20 09 01 00 00 04 07 17 20 10 01 00 04 11 04 17 20 54 14 00 00 11 04 17 20 49 14 00 00 05 12 16 00 01 00 00 00 7A 16 
16:35:59:954->>>>-发送-68 1E 00 43 04 00 00 B0 04 00 01 00 00 00 00 10 06 00 00 00 00 00 10 01 00 CC CC CC 87 16 
16:36:00:110-<<<<-接收-68 1F 00 83 04 00 00 00 00 00 06 00 00 00 00 00 01 00 00 00 00 10 10 01 00 01 00 F8 07 AF 16 
16:36:00:116->>>>-发送-68 1E 00 43 04 00 00 B0 04 00 01 00 00 00 00 10 06 00 00 00 00 00 F0 01 13 01 00 01 18 16 
16:36:00:569-<<<<-接收-68 55 00 83 04 00 00 00 00 00 06 00 00 00 00 00 01 00 00 00 00 10 F0 01 13 01 00 01 06 00 00 00 00 00 42 11 04 17 20 09 01 00 00 11 04 17 20 09 01 00 00 04 07 17 20 10 01 00 04 11 04 17 20 54 14 00 00 11 04 17 20 49 14 00 00 05 12 16 00 01 00 00 00 7A 16 
16:37:17:330->>>>-发送-68 12 00 43 01 00 00 00 00 00 10 01 00 CC CC CC B9 16 
16:37:17:434-<<<<-接收-68 13 00 83 00 00 00 00 00 00 10 01 00 01 00 F8 07 94 16 
16:37:17:439->>>>-发送-68 12 00 43 01 00 00 00 00 00 F0 01 13 01 00 01 4A 16 
16:37:18:184-<<<<-接收-68 49 00 83 00 00 00 00 00 00 F0 01 13 01 00 01 06 00 00 00 00 00 42 11 04 17 20 09 01 00 00 11 04 17 20 09 01 00 00 04 07 17 20 10 01 00 04 11 04 17 20 54 14 00 00 11 04 17 20 49 14 00 00 05 12 16 00 01 00 00 00 5F 16 
16:38:12:945->>>>-发送-68 12 00 43 01 00 00 00 00 00 10 01 00 CC CC CC B9 16 
16:38:13:060-<<<<-接收-68 13 00 83 00 00 00 00 00 00 10 01 00 01 00 F8 07 94 16 
16:38:13:063->>>>-发送-68 12 00 43 01 00 00 00 00 00 F0 01 13 01 00 01 4A 16 
16:38:13:425-<<<<-接收-68 49 00 83 00 00 00 00 00 00 F0 01 13 01 00 01 06 00 00 00 00 00 42 11 04 17 20 09 01 00 00 11 04 17 20 09 01 00 00 04 07 17 20 10 01 00 04 11 04 17 20 54 14 00 00 11 04 17 20 49 14 00 00 05 12 16 00 01 00 00 00 5F 16 
16:39:06:513->>>>-发送-68 1E 00 43 06 00 00 B0 04 00 01 00 00 00 00 10 06 00 00 00 00 00 10 01 00 CC CC CC 89 16 
16:39:06:658-<<<<-接收-68 1F 00 83 04 00 00 00 00 00 06 00 00 00 00 00 01 00 00 00 00 10 10 01 00 01 00 F8 07 AF 16 
16:39:06:661->>>>-发送-68 1E 00 43 06 00 00 B0 04 00 01 00 00 00 00 10 06 00 00 00 00 00 F0 01 13 01 00 01 1A 16 
16:39:07:136-<<<<-接收-68 55 00 83 04 00 00 00 00 00 06 00 00 00 00 00 01 00 00 00 00 10 F0 01 13 01 00 01 06 00 00 00 00 00 42 11 04 17 20 09 01 00 00 11 04 17 20 09 01 00 00 04 07 17 20 10 01 00 04 11 04 17 20 54 14 00 00 11 04 17 20 49 14 00 00 05 12 16 00 01 00 00 00 7A 16 
16:39:30:796->>>>-发送-68 1E 00 43 06 00 00 B0 04 00 01 00 00 00 00 10 06 00 00 00 00 00 10 01 00 CC CC CC 89 16 
16:39:30:930-<<<<-接收-68 1F 00 83 04 00 00 00 00 00 06 00 00 00 00 00 01 00 00 00 00 10 10 01 00 01 00 F8 07 AF 16 
16:39:30:935->>>>-发送-68 1E 00 43 06 00 00 B0 04 00 01 00 00 00 00 10 06 00 00 00 00 00 F0 20 13 01 00 01 39 16 
16:39:31:079-<<<<-接收-68 1C 00 83 04 00 00 00 00 00 CC CC CC CC CC CC 01 00 00 00 00 10 00 02 00 0C 6E 16 
16:48:05:668->>>>-发送-68 1E 00 43 04 00 00 B0 04 00 01 00 00 00 00 10 06 00 00 00 00 00 10 01 00 CC CC CC 87 16 
16:48:05:815-<<<<-接收-68 1F 00 83 04 00 00 00 00 00 06 00 00 00 00 00 01 00 00 00 00 10 10 01 00 01 00 F8 07 AF 16 
16:48:05:819->>>>-发送-68 1E 00 43 04 00 00 B0 04 00 01 00 00 00 00 10 06 00 00 00 00 00 F0 01 13 01 00 01 18 16 
16:48:06:210-<<<<-接收-68 55 00 83 04 00 00 00 00 00 06 00 00 00 00 00 01 00 00 00 00 10 F0 01 13 01 00 01 06 00 00 00 00 00 42 11 04 17 20 09 01 00 00 11 04 17 20 09 01 00 00 04 07 17 20 10 01 00 04 11 04 17 20 54 14 00 00 11 04 17 20 49 14 00 00 05 12 16 00 01 00 00 00 7A 16 
16:48:26:429->>>>-发送-68 1E 00 43 04 00 00 B0 04 00 01 00 00 00 00 10 06 00 00 00 00 00 10 01 00 CC CC CC 87 16 
16:48:26:585-<<<<-接收-68 1F 00 83 04 00 00 00 00 00 06 00 00 00 00 00 01 00 00 00 00 10 10 01 00 01 00 F8 07 AF 16 
16:48:26:589->>>>-发送-68 1E 00 43 04 00 00 B0 04 00 01 00 00 00 00 10 06 00 00 00 00 00 F0 01 13 01 00 01 18 16 
16:48:27:076-<<<<-接收-68 55 00 83 04 00 00 00 00 00 06 00 00 00 00 00 01 00 00 00 00 10 F0 01 13 01 00 01 06 00 00 00 00 00 42 11 04 17 20 09 01 00 00 11 04 17 20 09 01 00 00 04 07 17 20 10 01 00 04 11 04 17 20 54 14 00 00 11 04 17 20 49 14 00 00 05 12 16 00 01 00 00 00 7A 16 
16:49:06:638->>>>-发送-68 1E 00 43 04 00 00 B0 04 00 01 00 00 00 00 10 06 00 00 00 00 00 10 01 00 CC CC CC 87 16 
16:49:06:784-<<<<-接收-68 1F 00 83 04 00 00 00 00 00 06 00 00 00 00 00 01 00 00 00 00 10 10 01 00 01 00 F8 07 AF 16 
16:49:06:788->>>>-发送-68 1E 00 43 04 00 00 B0 04 00 01 00 00 00 00 10 06 00 00 00 00 00 F0 01 13 01 00 01 18 16 
16:49:07:293-<<<<-接收-68 55 00 83 04 00 00 00 00 00 06 00 00 00 00 00 01 00 00 00 00 10 F0 01 13 01 00 01 06 00 00 00 00 00 42 11 04 17 20 09 01 00 00 11 04 17 20 09 01 00 00 04 07 17 20 10 01 00 04 11 04 17 20 54 14 00 00 11 04 17 20 49 14 00 00 05 12 16 00 01 00 00 00 7A 16 
16:49:18:750->>>>-发送-68 1E 00 43 04 00 00 B0 04 00 01 00 00 00 00 10 06 00 00 00 00 00 10 01 00 CC CC CC 87 16 
16:49:18:937-<<<<-接收-68 1F 00 83 04 00 00 00 00 00 06 00 00 00 00 00 01 00 00 00 00 10 10 01 00 01 00 F8 07 AF 16 
16:49:18:942->>>>-发送-68 1E 00 43 04 00 00 B0 04 00 01 00 00 00 00 10 06 00 00 00 00 00 F0 20 13 01 00 01 37 16 
16:49:19:087-<<<<-接收-68 1C 00 83 04 00 00 00 00 00 CC CC CC CC CC CC 01 00 00 00 00 10 00 02 00 0C 6E 16 
16:50:25:357->>>>-发送-68 1E 00 43 04 00 00 B0 04 00 01 00 00 00 00 10 06 00 00 00 00 00 10 01 00 CC CC CC 87 16 
16:50:25:522-<<<<-接收-68 1F 00 83 04 00 00 00 00 00 06 00 00 00 00 00 01 00 00 00 00 10 10 01 00 01 00 F8 07 AF 16 
16:50:25:526->>>>-发送-68 1E 00 43 04 00 00 B0 04 00 01 00 00 00 00 10 06 00 00 00 00 00 F0 01 13 01 00 01 18 16 
16:50:25:950-<<<<-接收-68 55 00 83 04 00 00 00 00 00 06 00 00 00 00 00 01 00 00 00 00 10 F0 01 13 01 00 01 06 00 00 00 00 00 42 11 04 17 20 09 01 00 00 11 04 17 20 09 01 00 00 04 07 17 20 10 01 00 04 11 04 17 20 54 14 00 00 11 04 17 20 49 14 00 00 05 12 16 00 01 00 00 00 7A 16 
17:15:15:334->>>>-发送-68 1E 00 43 04 00 00 B0 04 00 01 00 00 00 00 10 06 00 00 00 00 00 10 01 00 CC CC CC 87 16 
17:15:15:468-<<<<-接收-68 1F 00 83 04 00 00 00 00 00 06 00 00 00 00 00 01 00 00 00 00 10 10 01 00 01 00 F8 07 AF 16 
17:15:15:475->>>>-发送-68 1E 00 43 04 00 00 B0 04 00 01 00 00 00 00 10 06 00 00 00 00 00 F0 01 13 01 00 01 18 16 
17:15:15:893-<<<<-接收-68 55 00 83 04 00 00 00 00 00 06 00 00 00 00 00 01 00 00 00 00 10 F0 01 13 01 00 01 06 00 00 00 00 00 42 11 04 17 20 09 01 00 00 11 04 17 20 09 01 00 00 04 07 17 20 10 01 00 04 11 04 17 20 54 14 00 00 11 04 17 20 49 14 00 00 05 12 16 00 01 00 00 00 7A 16 
17:22:56:035->>>>-发送-68 1E 00 43 04 00 00 B0 04 00 01 00 00 00 00 10 06 00 00 00 00 00 10 01 00 CC CC CC 87 16 
17:22:56:191-<<<<-接收-68 1F 00 83 04 00 00 00 00 00 06 00 00 00 00 00 01 00 00 00 00 10 10 01 00 01 00 F8 07 AF 16 
17:22:56:197->>>>-发送-68 1E 00 43 04 00 00 B0 04 00 01 00 00 00 00 10 06 00 00 00 00 00 F0 01 13 01 00 01 18 16 
17:22:56:707-<<<<-接收-68 55 00 83 04 00 00 00 00 00 06 00 00 00 00 00 01 00 00 00 00 10 F0 01 13 01 00 01 06 00 00 00 00 00 42 11 04 17 20 09 01 00 00 11 04 17 20 09 01 00 00 04 07 17 20 10 01 00 04 11 04 17 20 54 14 00 00 11 04 17 20 49 14 00 00 05 12 16 00 01 00 00 00 7A 16 
17:24:27:477->>>>-发送-68 1E 00 43 04 00 00 B0 04 00 01 00 00 00 00 10 06 00 00 00 00 00 F0 01 13 01 00 09 20 16 
17:24:27:898-<<<<-接收-68 55 00 83 04 00 00 00 00 00 06 00 00 00 00 00 01 00 00 00 00 10 F0 01 13 01 00 01 06 00 00 00 00 00 42 11 04 17 20 09 01 00 00 11 04 17 20 09 01 00 00 04 07 17 20 10 01 00 04 11 04 17 20 54 14 00 00 11 04 17 20 49 14 00 00 05 12 16 00 01 00 00 00 7A 16 
17:27:33:641->>>>-发送-68 1E 00 43 04 00 00 B0 04 00 01 00 00 00 00 10 06 00 00 00 00 00 F0 01 13 01 00 01 18 16 
17:27:34:040-<<<<-接收-68 55 00 83 04 00 00 00 00 00 06 00 00 00 00 00 01 00 00 00 00 10 F0 01 13 01 00 01 06 00 00 00 00 00 42 11 04 17 20 09 01 00 00 11 04 17 20 09 01 00 00 04 07 17 20 10 01 00 04 11 04 17 20 54 14 00 00 11 04 17 20 49 14 00 00 05 12 16 00 01 00 00 00 7A 16 
17:28:10:341->>>>-发送-68 1E 00 43 04 00 00 B0 04 00 01 00 00 00 00 10 06 00 00 00 00 00 10 01 00 CC CC CC 87 16 
17:28:10:487-<<<<-接收-68 1F 00 83 04 00 00 00 00 00 06 00 00 00 00 00 01 00 00 00 00 10 10 01 00 01 00 F8 07 AF 16 
17:28:10:495->>>>-发送-68 1E 00 43 04 00 00 B0 04 00 01 00 00 00 00 10 06 00 00 00 00 00 F0 01 13 01 00 01 18 16 
17:28:10:896-<<<<-接收-68 55 00 83 04 00 00 00 00 00 06 00 00 00 00 00 01 00 00 00 00 10 F0 01 13 01 00 01 06 00 00 00 00 00 42 11 04 17 20 09 01 00 00 11 04 17 20 09 01 00 00 04 07 17 20 10 01 00 04 11 04 17 20 54 14 00 00 11 04 17 20 49 14 00 00 05 12 16 00 01 00 00 00 7A 16 
17:33:41:990->>>>-发送-68 1E 00 43 04 00 00 B0 04 00 01 00 00 00 00 10 06 00 00 00 00 00 10 01 00 CC CC CC 87 16 
17:33:42:155-<<<<-接收-68 1F 00 83 04 00 00 00 00 00 06 00 00 00 00 00 01 00 00 00 00 10 10 01 00 01 00 F8 07 AF 16 
17:33:42:164->>>>-发送-68 1E 00 43 04 00 00 B0 04 00 01 00 00 00 00 10 06 00 00 00 00 00 F0 20 13 01 00 01 37 16 
17:33:42:300-<<<<-接收-68 1C 00 83 04 00 00 00 00 00 CC CC CC CC CC CC 01 00 00 00 00 10 00 02 00 0C 6E 16 
17:42:20:488->>>>-发送-68 12 00 43 01 00 00 00 00 00 10 01 00 CC CC CC B9 16 
17:42:20:602-<<<<-接收-68 13 00 83 00 00 00 00 00 00 10 01 00 01 00 F8 07 94 16 
17:42:20:607->>>>-发送-68 12 00 43 01 00 00 00 00 00 F0 01 13 CC CC CC AC 16 
17:42:20:710-<<<<-接收-68 10 00 83 00 00 00 00 00 00 00 02 00 1C A1 16 
17:43:07:002->>>>-发送-68 1E 00 43 04 00 00 B0 04 00 01 00 00 00 00 10 06 00 00 00 00 00 10 01 00 CC CC CC 87 16 
17:43:07:146-<<<<-接收-68 1F 00 83 04 00 00 00 00 00 06 00 00 00 00 00 01 00 00 00 00 10 10 01 00 01 00 F8 07 AF 16 
17:43:07:152->>>>-发送-68 1E 00 43 04 00 00 B0 04 00 01 00 00 00 00 10 06 00 00 00 00 00 F0 01 13 CC CC CC 7A 16 
17:43:07:297-<<<<-接收-68 1C 00 83 04 00 00 00 00 00 CC CC CC CC CC CC 01 00 00 00 00 10 00 02 00 1C 7E 16 
17:43:10:864->>>>-发送-68 1E 00 43 04 00 00 B0 04 00 01 00 00 00 00 10 06 00 00 00 00 00 10 01 00 CC CC CC 87 16 
17:43:11:019-<<<<-接收-68 1F 00 83 04 00 00 00 00 00 06 00 00 00 00 00 01 00 00 00 00 10 10 01 00 01 00 F8 07 AF 16 
17:43:11:025->>>>-发送-68 1E 00 43 04 00 00 B0 04 00 01 00 00 00 00 10 06 00 00 00 00 00 F0 01 13 CC CC CC 7A 16 
17:43:11:161-<<<<-接收-68 1C 00 83 04 00 00 00 00 00 CC CC CC CC CC CC 01 00 00 00 00 10 00 02 00 1C 7E 16 
17:43:33:860->>>>-发送-68 1E 00 43 04 00 00 B0 04 00 01 00 00 00 00 10 06 00 00 00 00 00 F0 01 13 01 00 09 20 16 
17:43:34:350-<<<<-接收-68 55 00 83 04 00 00 00 00 00 06 00 00 00 00 00 01 00 00 00 00 10 F0 01 13 01 00 01 06 00 00 00 00 00 42 11 04 17 20 09 01 00 00 11 04 17 20 09 01 00 00 04 07 17 20 10 01 00 04 11 04 17 20 54 14 00 00 11 04 17 20 49 14 00 00 05 12 16 00 01 00 00 00 7A 16 
17:46:53:514->>>>-发送-68 1E 00 43 04 00 00 B0 04 00 01 00 00 00 00 10 06 00 00 00 00 00 10 01 00 CC CC CC 87 16 
17:46:53:670-<<<<-接收-68 1F 00 83 04 00 00 00 00 00 06 00 00 00 00 00 01 00 00 00 00 10 10 01 00 01 00 F8 07 AF 16 
17:46:53:676->>>>-发送-68 1E 00 43 04 00 00 B0 04 00 01 00 00 00 00 10 06 00 00 00 00 00 F0 01 13 CC CC CC 7A 16 
17:46:53:811-<<<<-接收-68 1C 00 83 04 00 00 00 00 00 CC CC CC CC CC CC 01 00 00 00 00 10 00 02 00 1C 7E 16 
17:47:47:012->>>>-发送-68 12 00 43 01 00 00 00 00 00 10 01 00 CC CC CC B9 16 
17:47:47:126-<<<<-接收-68 13 00 83 00 00 00 00 00 00 10 01 00 01 00 F8 07 94 16 
17:47:47:130->>>>-发送-68 12 00 43 01 00 00 00 00 00 F0 01 13 CC CC CC AC 16 
17:47:47:243-<<<<-接收-68 10 00 83 00 00 00 00 00 00 00 02 00 1C A1 16 
17:49:29:744->>>>-发送-68 1E 00 43 04 00 00 B0 04 00 01 00 00 00 00 10 06 00 00 00 00 00 10 01 00 CC CC CC 87 16 
17:49:29:888-<<<<-接收-68 1F 00 83 04 00 00 00 00 00 06 00 00 00 00 00 01 00 00 00 00 10 10 01 00 01 00 F8 07 AF 16 
17:49:29:892->>>>-发送-68 1E 00 43 04 00 00 B0 04 00 01 00 00 00 00 10 06 00 00 00 00 00 F0 01 13 CC CC CC 7A 16 
17:49:30:047-<<<<-接收-68 1C 00 83 04 00 00 00 00 00 CC CC CC CC CC CC 01 00 00 00 00 10 00 02 00 1C 7E 16 
17:49:45:046->>>>-发送-68 1E 00 43 04 00 00 B0 04 00 01 00 00 00 00 10 06 00 00 00 00 00 10 01 00 CC CC CC 87 16 
17:49:45:191-<<<<-接收-68 1F 00 83 04 00 00 00 00 00 06 00 00 00 00 00 01 00 00 00 00 10 10 01 00 01 00 F8 07 AF 16 
17:49:45:196->>>>-发送-68 1E 00 43 04 00 00 B0 04 00 01 00 00 00 00 10 06 00 00 00 00 00 F0 01 13 CC CC CC 7A 16 
17:49:45:352-<<<<-接收-68 1C 00 83 04 00 00 00 00 00 CC CC CC CC CC CC 01 00 00 00 00 10 00 02 00 1C 7E 16 
17:50:37:085->>>>-发送-68 1E 00 43 04 00 00 B0 04 00 01 00 00 00 00 10 06 00 00 00 00 00 F0 01 13 01 00 01 18 16 
17:50:37:527-<<<<-接收-68 55 00 83 04 00 00 00 00 00 06 00 00 00 00 00 01 00 00 00 00 10 F0 01 13 01 00 01 06 00 00 00 00 00 42 11 04 17 20 09 01 00 00 11 04 17 20 09 01 00 00 04 07 17 20 10 01 00 04 11 04 17 20 54 14 00 00 11 04 17 20 49 14 00 00 05 12 16 00 01 00 00 00 7A 16 
17:51:16:553->>>>-发送-68 1E 00 43 04 00 00 B0 04 00 01 00 00 00 00 10 06 00 00 00 00 00 10 01 00 CC CC CC 87 16 
17:51:16:707-<<<<-接收-68 1F 00 83 04 00 00 00 00 00 06 00 00 00 00 00 01 00 00 00 00 10 10 01 00 01 00 F8 07 AF 16 
17:51:16:714->>>>-发送-68 1E 00 43 04 00 00 B0 04 00 01 00 00 00 00 10 06 00 00 00 00 00 F0 01 13 CC CC CC 7A 16 
17:51:16:868-<<<<-接收-68 1C 00 83 04 00 00 00 00 00 CC CC CC CC CC CC 01 00 00 00 00 10 00 02 00 1C 7E 16 
17:54:42:110->>>>-发送-68 1E 00 43 04 00 00 B0 04 00 01 00 00 00 00 10 06 00 00 00 00 00 10 01 00 CC CC CC 87 16 
17:54:42:254-<<<<-接收-68 1F 00 83 04 00 00 00 00 00 06 00 00 00 00 00 01 00 00 00 00 10 10 01 00 01 00 F8 07 AF 16 
17:54:42:259->>>>-发送-68 1E 00 43 04 00 00 B0 04 00 01 00 00 00 00 10 06 00 00 00 00 00 F0 01 13 00 00 00 16 16 
17:54:42:483-<<<<-接收-68 55 00 83 04 00 00 00 00 00 06 00 00 00 00 00 01 00 00 00 00 10 F0 01 13 01 00 01 01 00 00 00 00 10 21 11 04 17 20 09 01 00 00 11 04 17 20 09 01 00 00 04 07 17 20 10 01 00 03 11 04 17 20 54 14 00 00 11 04 17 20 49 14 00 00 05 12 16 00 01 00 00 00 63 16 
17:55:04:739->>>>-发送-68 1E 00 43 04 00 00 B0 04 00 01 00 00 00 00 10 06 00 00 00 00 00 10 01 00 CC CC CC 87 16 
17:55:04:883-<<<<-接收-68 1F 00 83 04 00 00 00 00 00 06 00 00 00 00 00 01 00 00 00 00 10 10 01 00 01 00 F8 07 AF 16 
17:55:04:889->>>>-发送-68 1E 00 43 04 00 00 B0 04 00 01 00 00 00 00 10 06 00 00 00 00 00 F0 01 13 00 00 00 16 16 
17:55:05:145-<<<<-接收-68 55 00 83 04 00 00 00 00 00 06 00 00 00 00 00 01 00 00 00 00 10 F0 01 13 01 00 01 01 00 00 00 00 10 21 11 04 17 20 09 01 00 00 11 04 17 20 09 01 00 00 04 07 17 20 10 01 00 03 11 04 17 20 54 14 00 00 11 04 17 20 49 14 00 00 05 12 16 00 01 00 00 00 63 16 
17:58:52:200->>>>-发送-68 1E 00 43 04 00 00 B0 04 00 01 00 00 00 00 10 06 00 00 00 00 00 10 01 00 CC CC CC 87 16 
17:58:52:334-<<<<-接收-68 1F 00 83 04 00 00 00 00 00 06 00 00 00 00 00 01 00 00 00 00 10 10 01 00 01 00 F8 07 AF 16 
17:58:52:341->>>>-发送-68 1E 00 43 04 00 00 B0 04 00 01 00 00 00 00 10 06 00 00 00 00 00 F0 01 13 00 00 00 16 16 
17:58:52:578-<<<<-接收-68 55 00 83 04 00 00 00 00 00 06 00 00 00 00 00 01 00 00 00 00 10 F0 01 13 01 00 01 01 00 00 00 00 10 21 11 04 17 20 09 01 00 00 11 04 17 20 09 01 00 00 04 07 17 20 10 01 00 03 11 04 17 20 54 14 00 00 11 04 17 20 49 14 00 00 05 12 16 00 01 00 00 00 63 16 
17:59:39:719->>>>-发送-68 1E 00 43 04 00 00 B0 04 00 01 00 00 00 00 10 06 00 00 00 00 00 10 01 00 CC CC CC 87 16 
17:59:39:863-<<<<-接收-68 1F 00 83 04 00 00 00 00 00 06 00 00 00 00 00 01 00 00 00 00 10 10 01 00 01 00 F8 07 AF 16 
17:59:39:867->>>>-发送-68 1E 00 43 04 00 00 B0 04 00 01 00 00 00 00 10 06 00 00 00 00 00 F0 01 13 00 00 00 16 16 
17:59:40:082-<<<<-接收-68 55 00 83 04 00 00 00 00 00 06 00 00 00 00 00 01 00 00 00 00 10 F0 01 13 01 00 01 01 00 00 00 00 10 21 11 04 17 20 09 01 00 00 11 04 17 20 09 01 00 00 04 07 17 20 10 01 00 03 11 04 17 20 54 14 00 00 11 04 17 20 49 14 00 00 05 12 16 00 01 00 00 00 63 16 
18:04:51:605->>>>-发送-68 12 00 43 01 00 00 00 00 00 10 01 00 CC CC CC B9 16 
18:04:51:730-<<<<-接收-68 13 00 83 00 00 00 00 00 00 10 01 00 01 00 F8 07 94 16 
18:04:51:735->>>>-发送-68 12 00 43 01 00 00 00 00 00 F0 01 13 00 00 00 48 16 
18:04:51:919-<<<<-接收-68 49 00 83 00 00 00 00 00 00 F0 01 13 01 00 01 01 00 00 00 00 10 21 11 04 17 20 09 01 00 00 11 04 17 20 09 01 00 00 04 07 17 20 10 01 00 03 11 04 17 20 54 14 00 00 11 04 17 20 49 14 00 00 05 12 16 00 01 00 00 00 48 16 
18:06:27:188->>>>-发送-68 1E 00 43 04 00 00 B0 04 00 01 00 00 00 00 10 06 00 00 00 00 00 10 01 00 CC CC CC 87 16 
18:06:27:343-<<<<-接收-68 1F 00 83 04 00 00 00 00 00 06 00 00 00 00 00 01 00 00 00 00 10 10 01 00 01 00 F8 07 AF 16 
18:06:27:348->>>>-发送-68 1E 00 43 04 00 00 B0 04 00 01 00 00 00 00 10 06 00 00 00 00 00 F0 01 13 00 00 00 16 16 
18:06:27:573-<<<<-接收-68 55 00 83 04 00 00 00 00 00 06 00 00 00 00 00 01 00 00 00 00 10 F0 01 13 01 00 01 01 00 00 00 00 10 21 11 04 17 20 09 01 00 00 11 04 17 20 09 01 00 00 04 07 17 20 10 01 00 03 11 04 17 20 54 14 00 00 11 04 17 20 49 14 00 00 05 12 16 00 01 00 00 00 63 16 
18:06:29:157->>>>-发送-68 1E 00 43 04 00 00 B0 04 00 01 00 00 00 00 10 06 00 00 00 00 00 10 01 00 CC CC CC 87 16 
18:06:29:302-<<<<-接收-68 1F 00 83 04 00 00 00 00 00 06 00 00 00 00 00 01 00 00 00 00 10 10 01 00 01 00 F8 07 AF 16 
18:06:29:308->>>>-发送-68 1E 00 43 04 00 00 B0 04 00 01 00 00 00 00 10 06 00 00 00 00 00 F0 01 13 00 00 00 16 16 
18:06:29:524-<<<<-接收-68 55 00 83 04 00 00 00 00 00 06 00 00 00 00 00 01 00 00 00 00 10 F0 01 13 01 00 01 01 00 00 00 00 10 21 11 04 17 20 09 01 00 00 11 04 17 20 09 01 00 00 04 07 17 20 10 01 00 03 11 04 17 20 54 14 00 00 11 04 17 20 49 14 00 00 05 12 16 00 01 00 00 00 63 16 
18:06:30:302->>>>-发送-68 1E 00 43 04 00 00 B0 04 00 01 00 00 00 00 10 06 00 00 00 00 00 10 01 00 CC CC CC 87 16 
18:06:30:457-<<<<-接收-68 1F 00 83 04 00 00 00 00 00 06 00 00 00 00 00 01 00 00 00 00 10 10 01 00 01 00 F8 07 AF 16 
18:06:30:463->>>>-发送-68 1E 00 43 04 00 00 B0 04 00 01 00 00 00 00 10 06 00 00 00 00 00 F0 01 13 00 00 00 16 16 
18:06:30:700-<<<<-接收-68 55 00 83 04 00 00 00 00 00 06 00 00 00 00 00 01 00 00 00 00 10 F0 01 13 01 00 01 01 00 00 00 00 10 21 11 04 17 20 09 01 00 00 11 04 17 20 09 01 00 00 04 07 17 20 10 01 00 03 11 04 17 20 54 14 00 00 11 04 17 20 49 14 00 00 05 12 16 00 01 00 00 00 63 16 
18:09:00:743->>>>-发送-68 12 00 43 01 00 00 00 00 00 10 01 00 CC CC CC B9 16 
18:09:00:867-<<<<-接收-68 13 00 83 00 00 00 00 00 00 10 01 00 01 00 F8 07 94 16 
18:09:00:871->>>>-发送-68 12 00 43 01 00 00 00 00 00 F0 01 13 00 00 00 48 16 
18:09:01:056-<<<<-接收-68 49 00 83 00 00 00 00 00 00 F0 01 13 01 00 01 01 00 00 00 00 10 21 11 04 17 20 09 01 00 00 11 04 17 20 09 01 00 00 04 07 17 20 10 01 00 03 11 04 17 20 54 14 00 00 11 04 17 20 49 14 00 00 05 12 16 00 01 00 00 00 48 16 
18:09:34:650->>>>-发送-68 1E 00 43 04 00 00 B0 04 00 01 00 00 00 00 10 06 00 00 00 00 00 10 01 00 CC CC CC 87 16 
18:09:34:805-<<<<-接收-68 1F 00 83 04 00 00 00 00 00 06 00 00 00 00 00 01 00 00 00 00 10 10 01 00 01 00 F8 07 AF 16 
18:09:34:811->>>>-发送-68 1E 00 43 04 00 00 B0 04 00 01 00 00 00 00 10 06 00 00 00 00 00 F0 01 13 00 00 00 16 16 
18:09:35:037-<<<<-接收-68 55 00 83 04 00 00 00 00 00 06 00 00 00 00 00 01 00 00 00 00 10 F0 01 13 01 00 01 01 00 00 00 00 10 21 11 04 17 20 09 01 00 00 11 04 17 20 09 01 00 00 04 07 17 20 10 01 00 03 11 04 17 20 54 14 00 00 11 04 17 20 49 14 00 00 05 12 16 00 01 00 00 00 63 16 
18:10:42:188->>>>-发送-68 1E 00 43 04 00 00 B0 04 00 01 00 00 00 00 10 06 00 00 00 00 00 10 01 00 CC CC CC 87 16 
18:10:42:363-<<<<-接收-68 1F 00 83 04 00 00 00 00 00 06 00 00 00 00 00 01 00 00 00 00 10 10 01 00 01 00 F8 07 AF 16 
18:10:42:368->>>>-发送-68 1E 00 43 04 00 00 B0 04 00 01 00 00 00 00 10 06 00 00 00 00 00 F0 01 13 00 00 00 16 16 
18:10:42:582-<<<<-接收-68 55 00 83 04 00 00 00 00 00 06 00 00 00 00 00 01 00 00 00 00 10 F0 01 13 01 00 01 01 00 00 00 00 10 21 11 04 17 20 09 01 00 00 11 04 17 20 09 01 00 00 04 07 17 20 10 01 00 03 11 04 17 20 54 14 00 00 11 04 17 20 49 14 00 00 05 12 16 00 01 00 00 00 63 16 
18:11:06:402->>>>-发送-68 1E 00 43 04 00 00 B0 04 00 01 00 00 00 00 10 06 00 00 00 00 00 10 01 00 CC CC CC 87 16 
18:11:06:557-<<<<-接收-68 1F 00 83 04 00 00 00 00 00 06 00 00 00 00 00 01 00 00 00 00 10 10 01 00 01 00 F8 07 AF 16 
18:11:06:564->>>>-发送-68 1E 00 43 04 00 00 B0 04 00 01 00 00 00 00 10 06 00 00 00 00 00 F0 01 13 00 00 00 16 16 
18:11:06:791-<<<<-接收-68 55 00 83 04 00 00 00 00 00 06 00 00 00 00 00 01 00 00 00 00 10 F0 01 13 01 00 01 01 00 00 00 00 10 21 11 04 17 20 09 01 00 00 11 04 17 20 09 01 00 00 04 07 17 20 10 01 00 03 11 04 17 20 54 14 00 00 11 04 17 20 49 14 00 00 05 12 16 00 01 00 00 00 63 16 
18:11:26:425->>>>-发送-68 1E 00 43 04 00 00 B0 04 00 01 00 00 00 00 10 06 00 00 00 00 00 10 01 00 CC CC CC 87 16 
18:11:26:579-<<<<-接收-68 1F 00 83 04 00 00 00 00 00 06 00 00 00 00 00 01 00 00 00 00 10 10 01 00 01 00 F8 07 AF 16 
18:11:26:586->>>>-发送-68 1E 00 43 04 00 00 B0 04 00 01 00 00 00 00 10 06 00 00 00 00 00 F0 01 13 00 00 00 16 16 
18:11:26:812-<<<<-接收-68 55 00 83 04 00 00 00 00 00 06 00 00 00 00 00 01 00 00 00 00 10 F0 01 13 01 00 01 01 00 00 00 00 10 21 11 04 17 20 09 01 00 00 11 04 17 20 09 01 00 00 04 07 17 20 10 01 00 03 11 04 17 20 54 14 00 00 11 04 17 20 49 14 00 00 05 12 16 00 01 00 00 00 63 16 
18:13:35:012->>>>-发送-68 1E 00 43 04 00 00 B0 04 00 01 00 00 00 00 10 06 00 00 00 00 00 10 01 00 CC CC CC 87 16 
18:13:35:156-<<<<-接收-68 1F 00 83 04 00 00 00 00 00 06 00 00 00 00 00 01 00 00 00 00 10 10 01 00 01 00 F8 07 AF 16 
18:13:35:160->>>>-发送-68 1E 00 43 04 00 00 B0 04 00 01 00 00 00 00 10 06 00 00 00 00 00 F0 01 13 00 00 00 16 16 
18:13:35:385-<<<<-接收-68 55 00 83 04 00 00 00 00 00 06 00 00 00 00 00 01 00 00 00 00 10 F0 01 13 01 00 01 01 00 00 00 00 10 21 11 04 17 20 09 01 00 00 11 04 17 20 09 01 00 00 04 07 17 20 10 01 00 03 11 04 17 20 54 14 00 00 11 04 17 20 49 14 00 00 05 12 16 00 01 00 00 00 63 16 
18:14:01:220->>>>-发送-68 1E 00 43 04 00 00 B0 04 00 01 00 00 00 00 10 06 00 00 00 00 00 10 01 00 CC CC CC 87 16 
18:14:01:365-<<<<-接收-68 1F 00 83 04 00 00 00 00 00 06 00 00 00 00 00 01 00 00 00 00 10 10 01 00 01 00 F8 07 AF 16 
18:14:01:371->>>>-发送-68 1E 00 43 04 00 00 B0 04 00 01 00 00 00 00 10 06 00 00 00 00 00 F0 01 13 00 00 00 16 16 
18:14:01:586-<<<<-接收-68 55 00 83 04 00 00 00 00 00 06 00 00 00 00 00 01 00 00 00 00 10 F0 01 13 01 00 01 01 00 00 00 00 10 21 11 04 17 20 09 01 00 00 11 04 17 20 09 01 00 00 04 07 17 20 10 01 00 03 11 04 17 20 54 14 00 00 11 04 17 20 49 14 00 00 05 12 16 00 01 00 00 00 63 16 
18:14:22:955->>>>-发送-68 1E 00 43 04 00 00 B0 04 00 01 00 00 00 00 10 06 00 00 00 00 00 10 01 00 CC CC CC 87 16 
18:14:23:111-<<<<-接收-68 1F 00 83 04 00 00 00 00 00 06 00 00 00 00 00 01 00 00 00 00 10 10 01 00 01 00 F8 07 AF 16 
18:14:23:117->>>>-发送-68 1E 00 43 04 00 00 B0 04 00 01 00 00 00 00 10 06 00 00 00 00 00 F0 20 13 01 00 01 37 16 
18:14:23:262-<<<<-接收-68 1C 00 83 04 00 00 00 00 00 CC CC CC CC CC CC 01 00 00 00 00 10 00 02 00 0C 6E 16 
18:14:31:594->>>>-发送-68 1E 00 43 04 00 00 B0 04 00 01 00 00 00 00 10 06 00 00 00 00 00 10 01 00 CC CC CC 87 16 
18:14:31:748-<<<<-接收-68 1F 00 83 04 00 00 00 00 00 06 00 00 00 00 00 01 00 00 00 00 10 10 01 00 01 00 F8 07 AF 16 
18:14:31:754->>>>-发送-68 1E 00 43 04 00 00 B0 04 00 01 00 00 00 00 10 06 00 00 00 00 00 F0 01 13 00 00 00 16 16 
18:14:31:970-<<<<-接收-68 55 00 83 04 00 00 00 00 00 06 00 00 00 00 00 01 00 00 00 00 10 F0 01 13 01 00 01 01 00 00 00 00 10 21 11 04 17 20 09 01 00 00 11 04 17 20 09 01 00 00 04 07 17 20 10 01 00 03 11 04 17 20 54 14 00 00 11 04 17 20 49 14 00 00 05 12 16 00 01 00 00 00 63 16 
18:16:50:731->>>>-发送-68 1E 00 43 04 00 00 B0 04 00 01 00 00 00 00 10 06 00 00 00 00 00 10 01 00 CC CC CC 87 16 
18:16:50:886-<<<<-接收-68 1F 00 83 04 00 00 00 00 00 06 00 00 00 00 00 01 00 00 00 00 10 10 01 00 01 00 F8 07 AF 16 
18:16:50:891->>>>-发送-68 1E 00 43 04 00 00 B0 04 00 01 00 00 00 00 10 06 00 00 00 00 00 F0 01 13 00 00 00 16 16 
18:16:51:106-<<<<-接收-68 55 00 83 04 00 00 00 00 00 06 00 00 00 00 00 01 00 00 00 00 10 F0 01 13 01 00 01 01 00 00 00 00 10 21 11 04 17 20 09 01 00 00 11 04 17 20 09 01 00 00 04 07 17 20 10 01 00 03 11 04 17 20 54 14 00 00 11 04 17 20 49 14 00 00 05 12 16 00 01 00 00 00 63 16 
18:18:28:729->>>>-发送-68 12 00 43 01 00 00 00 00 00 10 01 00 CC CC CC B9 16 
18:18:28:833-<<<<-接收-68 13 00 83 00 00 00 00 00 00 10 01 00 01 00 F8 07 94 16 
18:18:28:839->>>>-发送-68 12 00 43 01 00 00 00 00 00 F0 01 13 00 00 00 48 16 
18:18:29:053-<<<<-接收-68 49 00 83 00 00 00 00 00 00 F0 01 13 01 00 01 01 00 00 00 00 10 21 11 04 17 20 09 01 00 00 11 04 17 20 09 01 00 00 04 07 17 20 10 01 00 03 11 04 17 20 54 14 00 00 11 04 17 20 49 14 00 00 05 12 16 00 01 00 00 00 48 16 
18:19:31:873->>>>-发送-68 12 00 43 01 00 00 00 00 00 10 01 00 CC CC CC B9 16 
18:19:31:987-<<<<-接收-68 13 00 83 00 00 00 00 00 00 10 01 00 01 00 F8 07 94 16 
18:19:31:992->>>>-发送-68 12 00 43 01 00 00 00 00 00 F0 01 13 00 00 00 48 16 
18:19:32:178-<<<<-接收-68 49 00 83 00 00 00 00 00 00 F0 01 13 01 00 01 01 00 00 00 00 10 21 11 04 17 20 09 01 00 00 11 04 17 20 09 01 00 00 04 07 17 20 10 01 00 03 11 04 17 20 54 14 00 00 11 04 17 20 49 14 00 00 05 12 16 00 01 00 00 00 48 16 
18:21:52:288->>>>-发送-68 12 00 43 01 00 00 00 00 00 10 01 00 CC CC CC B9 16 
18:21:52:392-<<<<-接收-68 13 00 83 00 00 00 00 00 00 10 01 00 01 00 F8 07 94 16 
18:21:52:396->>>>-发送-68 12 00 43 01 00 00 00 00 00 F0 01 13 00 00 00 48 16 
18:21:52:590-<<<<-接收-68 49 00 83 00 00 00 00 00 00 F0 01 13 01 00 01 01 00 00 00 00 10 21 11 04 17 20 09 01 00 00 11 04 17 20 09 01 00 00 04 07 17 20 10 01 00 03 11 04 17 20 54 14 00 00 11 04 17 20 49 14 00 00 05 12 16 00 01 00 00 00 48 16 
19:05:59:910->>>>-发送-68 12 00 43 01 00 00 00 00 00 10 01 00 CC CC CC B9 16 
19:06:03:502-<<<<-接收-00 
19:06:33:332->>>>-发送-68 1E 00 43 04 00 00 B0 04 00 01 00 00 00 00 10 06 00 00 00 00 00 10 01 00 CC CC CC 87 16 
19:06:33:507-<<<<-接收-68 35 00 C3 00 00 00 00 00 0A 06 10 00 01 02 23 FE FE FE FE 68 06 00 00 00 00 00 68 91 13 34 48 33 37 33 37 33 33 33 33 33 33 33 33 33 33 DD 57 DD D9 16 C9 16 
19:09:02:391->>>>-发送-68 1E 00 43 04 00 00 B0 04 00 01 00 00 00 00 10 06 00 00 00 00 00 10 01 00 CC CC CC 87 16 
19:09:02:525-<<<<-接收-68 1F 00 83 04 00 00 00 00 00 06 00 00 00 00 00 01 00 00 00 00 10 10 01 00 01 00 F8 07 AF 16 
19:09:02:532->>>>-发送-68 1E 00 43 04 00 00 B0 04 00 01 00 00 00 00 10 06 00 00 00 00 00 F0 01 13 00 00 00 16 16 
19:09:02:767-<<<<-接收-68 55 00 83 04 00 00 00 00 00 06 00 00 00 00 00 01 00 00 00 00 10 F0 01 13 01 00 01 01 00 00 00 00 10 21 11 04 17 20 09 01 00 00 11 04 17 20 09 01 00 00 04 07 17 20 10 01 00 03 11 04 17 20 54 14 00 00 11 04 17 20 49 14 00 00 05 12 16 00 01 00 00 00 63 16 
19:09:14:436->>>>-发送-68 1E 00 43 04 00 00 B0 04 00 01 00 00 00 00 10 06 00 00 00 00 00 10 01 00 CC CC CC 87 16 
19:09:14:590-<<<<-接收-68 1F 00 83 04 00 00 00 00 00 06 00 00 00 00 00 01 00 00 00 00 10 10 01 00 01 00 F8 07 AF 16 
19:09:14:598->>>>-发送-68 1E 00 43 04 00 00 B0 04 00 01 00 00 00 00 10 06 00 00 00 00 00 F0 20 13 01 00 01 37 16 
19:09:14:742-<<<<-接收-68 1C 00 83 04 00 00 00 00 00 CC CC CC CC CC CC 01 00 00 00 00 10 00 02 00 0C 6E 16 
19:10:03:029->>>>-发送-68 1B 00 43 04 00 00 B0 04 00 01 00 00 00 00 10 06 00 00 00 00 00 03 08 00 1D 16 
19:10:03:163-<<<<-接收-68 21 00 83 04 00 00 00 00 00 06 00 00 00 00 00 01 00 00 00 00 10 03 08 00 01 00 00 00 00 10 BA 16 
19:10:03:219->>>>-发送-68 1E 00 43 04 00 00 B0 04 00 01 00 00 00 00 10 06 00 00 00 00 00 10 01 00 CC CC CC 87 16 
19:10:03:374-<<<<-接收-68 1F 00 83 04 00 00 00 00 00 06 00 00 00 00 00 01 00 00 00 00 10 10 01 00 01 00 F8 07 AF 16 
19:10:03:381->>>>-发送-68 1E 00 43 04 00 00 B0 04 00 01 00 00 00 00 10 06 00 00 00 00 00 F0 20 13 01 00 01 37 16 
19:10:03:515-<<<<-接收-68 1C 00 83 04 00 00 00 00 00 CC CC CC CC CC CC 01 00 00 00 00 10 00 02 00 0C 6E 16 
20:01:08:616->>>>-发送-68 1E 00 43 04 00 00 B0 04 00 01 00 00 00 00 10 06 00 00 00 00 00 10 01 00 CC CC CC 87 16 
20:01:08:779-<<<<-接收-68 1F 00 83 04 00 00 00 00 00 06 00 00 00 00 00 01 00 00 00 00 10 10 01 00 01 00 F8 07 AF 16 
20:01:08:786->>>>-发送-68 1E 00 43 04 00 00 B0 04 00 01 00 00 00 00 10 06 00 00 00 00 00 F0 20 13 00 00 00 35 16 
20:01:08:990-<<<<-接收-68 4C 00 83 04 00 00 00 FE 00 06 00 00 00 00 00 01 00 00 00 00 10 F0 20 13 01 00 01 01 00 00 00 00 10 00 00 00 00 7A 06 00 00 12 02 00 00 C7 02 00 00 E1 00 00 00 00 00 00 00 DA 31 00 00 66 0C 00 00 A6 1B 00 00 CE 09 00 00 25 16 
20:01:44:414->>>>-发送-68 1E 00 43 04 00 00 B0 04 00 01 00 00 00 00 10 06 00 00 00 00 00 10 01 00 CC CC CC 87 16 
20:01:44:580-<<<<-接收-68 1F 00 83 04 00 00 00 00 00 06 00 00 00 00 00 01 00 00 00 00 10 10 01 00 01 00 F8 07 AF 16 
20:01:44:585->>>>-发送-68 1E 00 43 04 00 00 B0 04 00 01 00 00 00 00 10 06 00 00 00 00 00 F0 20 13 00 00 00 35 16 
20:01:44:800-<<<<-接收-68 4C 00 83 04 00 00 00 FE 00 06 00 00 00 00 00 01 00 00 00 00 10 F0 20 13 01 00 01 01 00 00 00 00 10 00 00 00 00 D7 00 00 00 43 00 00 00 54 00 00 00 E1 FE FF 00 00 00 00 00 43 06 00 00 8C 01 00 00 DA 03 00 00 DD 00 00 00 AE 16 
20:02:09:334->>>>-发送-68 1E 00 43 04 00 00 B0 04 00 01 00 00 00 00 10 06 00 00 00 00 00 10 01 00 CC CC CC 87 16 
20:02:09:479-<<<<-接收-68 1F 00 83 04 00 00 00 00 00 06 00 00 00 00 00 01 00 00 00 00 10 10 01 00 01 00 F8 07 AF 16 
20:02:09:485->>>>-发送-68 1E 00 43 04 00 00 B0 04 00 01 00 00 00 00 10 06 00 00 00 00 00 F0 20 13 00 00 00 35 16 
20:02:09:710-<<<<-接收-68 4C 00 83 04 00 00 00 FE 00 06 00 00 00 00 00 01 00 00 00 00 10 F0 20 13 01 00 01 01 00 00 00 00 10 00 00 00 00 96 00 00 00 30 00 00 00 38 00 00 00 A1 00 00 00 00 00 00 00 68 04 00 00 1B 01 00 00 B9 02 00 00 94 00 00 00 48 16 
20:02:34:921->>>>-发送-68 1E 00 43 04 00 00 B0 04 00 01 00 00 00 00 10 06 00 00 00 00 00 10 01 00 CC CC CC 87 16 
20:02:35:054-<<<<-接收-68 1F 00 83 04 00 00 00 00 00 06 00 00 00 00 00 01 00 00 00 00 10 10 01 00 01 00 F8 07 AF 16 
20:02:35:060->>>>-发送-68 1E 00 43 04 00 00 B0 04 00 01 00 00 00 00 10 06 00 00 00 00 00 F0 20 13 00 00 00 35 16 
20:02:35:277-<<<<-接收-68 4C 00 83 04 00 00 00 FE 00 06 00 00 00 00 00 01 00 00 00 00 10 F0 20 13 01 00 01 01 00 00 00 00 10 00 00 00 00 99 00 00 00 2D 00 00 00 2E 00 00 00 F1 FD FF 00 00 00 00 00 EE 04 00 00 09 01 00 00 33 03 00 00 B2 00 00 00 97 16 
20:09:56:597->>>>-发送-68 1E 00 43 04 00 00 B0 04 00 01 00 00 00 00 10 06 00 00 00 00 00 10 01 00 CC CC CC 87 16 
20:09:56:741-<<<<-接收-68 1F 00 83 04 00 00 00 00 00 06 00 00 00 00 00 01 00 00 00 00 10 10 01 00 01 00 F8 07 AF 16 
20:09:56:746->>>>-发送-68 1E 00 43 04 00 00 B0 04 00 01 00 00 00 00 10 06 00 00 00 00 00 F0 20 13 00 00 00 35 16 
20:09:56:961-<<<<-接收-68 4C 00 83 04 00 00 00 FE 00 06 00 00 00 00 00 01 00 00 00 00 10 F0 20 13 01 00 01 01 00 00 00 00 10 00 00 00 00 5A 0A 00 00 35 03 00 00 D4 03 00 00 F1 FD FF 00 00 00 00 00 0F 44 00 00 95 11 00 00 18 23 00 00 62 0F 00 00 D7 16 
20:10:41:154->>>>-发送-68 1E 00 43 04 00 00 B0 04 00 01 00 00 00 00 10 06 00 00 00 00 00 10 01 00 CC CC CC 87 16 
20:10:41:308-<<<<-接收-68 1F 00 83 04 00 00 00 00 00 06 00 00 00 00 00 01 00 00 00 00 10 10 01 00 01 00 F8 07 AF 16 
20:10:41:315->>>>-发送-68 1E 00 43 04 00 00 B0 04 00 01 00 00 00 00 10 06 00 00 00 00 00 F0 20 13 00 00 00 35 16 
20:10:41:531-<<<<-接收-68 4C 00 83 04 00 00 00 FE 00 06 00 00 00 00 00 01 00 00 00 00 10 F0 20 13 01 00 01 01 00 00 00 00 10 00 00 00 00 0C 01 00 00 55 00 00 00 5E 00 00 00 31 00 00 00 00 00 00 00 C3 06 00 00 9B 01 00 00 F5 03 00 00 33 01 00 00 54 16 
20:11:41:916->>>>-发送-68 1E 00 43 04 00 00 B0 04 00 01 00 00 00 00 10 06 00 00 00 00 00 F0 20 13 01 00 01 37 16 
20:11:42:050-<<<<-接收-68 1C 00 83 04 00 00 00 00 00 CC CC CC CC CC CC 01 00 00 00 00 10 00 02 00 0C 6E 16 
20:11:55:818->>>>-发送-68 1E 00 43 04 00 00 B0 04 00 01 00 00 00 00 10 06 00 00 00 00 00 10 01 00 CC CC CC 87 16 
20:11:55:994-<<<<-接收-68 1F 00 83 04 00 00 00 00 00 06 00 00 00 00 00 01 00 00 00 00 10 10 01 00 01 00 F8 07 AF 16 
20:11:56:001->>>>-发送-68 1E 00 43 04 00 00 B0 04 00 01 00 00 00 00 10 06 00 00 00 00 00 F0 01 13 00 00 00 16 16 
20:11:56:216-<<<<-接收-68 55 00 83 04 00 00 00 00 00 06 00 00 00 00 00 01 00 00 00 00 10 F0 01 13 01 00 01 01 00 00 00 00 10 21 11 04 17 20 09 01 00 00 11 04 17 20 09 01 00 00 04 07 17 20 10 01 00 03 11 04 17 20 54 14 00 00 11 04 17 20 49 14 00 00 05 12 16 00 01 00 00 00 63 16 
20:12:24:835->>>>-发送-68 1E 00 43 04 00 00 B0 04 00 01 00 00 00 00 10 06 00 00 00 00 00 F0 01 13 01 00 01 18 16 
20:12:25:192-<<<<-接收-68 55 00 83 04 00 00 00 00 00 06 00 00 00 00 00 01 00 00 00 00 10 F0 01 13 01 00 01 06 00 00 00 00 00 42 11 04 17 20 09 01 00 00 11 04 17 20 09 01 00 00 04 07 17 20 10 01 00 04 11 04 17 20 54 14 00 00 11 04 17 20 49 14 00 00 05 12 16 00 01 00 00 00 7A 16 
20:17:01:967->>>>-发送-68 12 00 43 01 00 00 00 00 00 F0 01 13 01 00 01 4A 16 
20:17:02:367-<<<<-接收-68 49 00 83 00 00 00 00 00 00 F0 01 13 01 00 01 06 00 00 00 00 00 42 11 04 17 20 09 01 00 00 11 04 17 20 09 01 00 00 04 07 17 20 10 01 00 04 11 04 17 20 54 14 00 00 11 04 17 20 49 14 00 00 05 12 16 00 01 00 00 00 5F 16 
20:17:42:352->>>>-发送-68 12 00 43 01 00 00 00 00 00 10 01 00 CC CC CC B9 16 
20:17:42:455-<<<<-接收-68 13 00 83 00 00 00 00 00 00 10 01 00 01 00 F8 07 94 16 
20:17:42:460->>>>-发送-68 12 00 43 01 00 00 00 00 00 F0 01 13 01 00 01 4A 16 
20:17:42:840-<<<<-接收-68 49 00 83 00 00 00 00 00 00 F0 01 13 01 00 01 06 00 00 00 00 00 42 11 04 17 20 09 01 00 00 11 04 17 20 09 01 00 00 04 07 17 20 10 01 00 04 11 04 17 20 54 14 00 00 11 04 17 20 49 14 00 00 05 12 16 00 01 00 00 00 5F 16 
20:18:13:897->>>>-发送-68 1E 00 43 04 00 00 B0 04 00 01 00 00 00 00 10 06 00 00 00 00 00 10 01 00 CC CC CC 87 16 
20:18:14:040-<<<<-接收-68 1F 00 83 04 00 00 00 00 00 06 00 00 00 00 00 01 00 00 00 00 10 10 01 00 01 00 F8 07 AF 16 
20:18:14:048->>>>-发送-68 1E 00 43 04 00 00 B0 04 00 01 00 00 00 00 10 06 00 00 00 00 00 F0 01 13 01 00 01 18 16 
20:18:14:460-<<<<-接收-68 55 00 83 04 00 00 00 00 00 06 00 00 00 00 00 01 00 00 00 00 10 F0 01 13 01 00 01 06 00 00 00 00 00 42 11 04 17 20 09 01 00 00 11 04 17 20 09 01 00 00 04 07 17 20 10 01 00 04 11 04 17 20 54 14 00 00 11 04 17 20 49 14 00 00 05 12 16 00 01 00 00 00 7A 16 
20:18:25:842->>>>-发送-68 1E 00 43 04 00 00 B0 04 00 01 00 00 00 00 10 06 00 00 00 00 00 10 01 00 CC CC CC 87 16 
20:18:25:988-<<<<-接收-68 1F 00 83 04 00 00 00 00 00 06 00 00 00 00 00 01 00 00 00 00 10 10 01 00 01 00 F8 07 AF 16 
20:18:25:995->>>>-发送-68 1E 00 43 04 00 00 B0 04 00 01 00 00 00 00 10 06 00 00 00 00 00 F0 01 13 01 00 01 18 16 
20:18:26:455-<<<<-接收-68 55 00 83 04 00 00 00 00 00 06 00 00 00 00 00 01 00 00 00 00 10 F0 01 13 01 00 01 06 00 00 00 00 00 42 11 04 17 20 09 01 00 00 11 04 17 20 09 01 00 00 04 07 17 20 10 01 00 04 11 04 17 20 54 14 00 00 11 04 17 20 49 14 00 00 05 12 16 00 01 00 00 00 7A 16 
20:19:07:203->>>>-发送-68 1E 00 43 04 00 00 B0 04 00 01 00 00 00 00 10 06 00 00 00 00 00 F0 20 13 01 00 01 37 16 
20:19:07:337-<<<<-接收-68 1C 00 83 04 00 00 00 00 00 CC CC CC CC CC CC 01 00 00 00 00 10 00 02 00 0C 6E 16 
20:19:24:343->>>>-发送-68 1E 00 43 04 00 00 B0 04 00 01 00 00 00 00 10 06 00 00 00 00 00 10 01 00 CC CC CC 87 16 
20:19:24:499-<<<<-接收-68 1F 00 83 04 00 00 00 00 00 06 00 00 00 00 00 01 00 00 00 00 10 10 01 00 01 00 F8 07 AF 16 
20:19:24:503->>>>-发送-68 1E 00 43 04 00 00 B0 04 00 01 00 00 00 00 10 06 00 00 00 00 00 F0 20 13 00 00 00 35 16 
20:19:24:720-<<<<-接收-68 4C 00 83 04 00 00 00 FE 00 06 00 00 00 00 00 01 00 00 00 00 10 F0 20 13 01 00 01 01 00 00 00 00 10 00 00 00 00 48 0C 00 00 D3 03 00 00 82 04 00 00 E1 FF FF 00 00 00 00 00 91 49 00 00 0C 13 00 00 97 29 00 00 EE 0C 00 00 14 16 
20:25:19:590->>>>-发送-68 1E 00 43 04 00 00 B0 04 00 01 00 00 00 00 10 06 00 00 00 00 00 F0 20 13 01 00 01 37 16 
20:25:19:734-<<<<-接收-68 1C 00 83 04 00 00 00 00 00 CC CC CC CC CC CC 01 00 00 00 00 10 00 02 00 0C 6E 16 
20:29:40:359->>>>-发送-68 1B 00 43 04 00 00 B0 04 00 01 00 00 00 00 10 06 00 00 00 00 00 10 01 00 23 16 
20:29:40:513-<<<<-接收-68 1F 00 83 04 00 00 00 00 00 06 00 00 00 00 00 01 00 00 00 00 10 10 01 00 01 00 F8 07 AF 16 
20:29:40:578->>>>-发送-68 1E 00 43 04 00 00 B0 04 00 01 00 00 00 00 10 06 00 00 00 00 00 10 01 00 CC CC CC 87 16 
20:29:40:721-<<<<-接收-68 1F 00 83 04 00 00 00 00 00 06 00 00 00 00 00 01 00 00 00 00 10 10 01 00 01 00 F8 07 AF 16 
20:29:40:728->>>>-发送-68 1E 00 43 04 00 00 B0 04 00 01 00 00 00 00 10 06 00 00 00 00 00 10 02 00 01 00 0A 2F 16 
20:29:40:894-<<<<-接收-68 26 00 83 04 00 00 00 00 00 06 00 00 00 00 00 01 00 00 00 00 10 10 02 00 01 00 01 06 00 00 00 00 00 00 10 C8 16 
20:30:05:151->>>>-发送-68 1B 00 43 04 00 00 B0 04 00 01 00 00 00 00 10 06 00 00 00 00 00 11 20 00 43 16 
20:30:05:295-<<<<-接收-68 21 00 83 04 00 00 00 00 00 CC CC CC CC CC CC 01 00 00 00 00 10 00 01 00 00 00 00 00 00 00 61 16 
20:30:11:811->>>>-发送-68 1E 00 43 04 00 00 B0 04 00 01 00 00 00 00 10 06 00 00 00 00 00 F0 20 13 01 00 01 37 16 
20:30:11:945-<<<<-接收-68 1C 00 83 04 00 00 00 00 00 CC CC CC CC CC CC 01 00 00 00 00 10 00 02 00 0C 6E 16 
20:30:31:454->>>>-发送-68 1B 00 43 04 00 00 B0 04 00 01 00 00 00 00 10 06 00 00 00 00 00 12 02 00 26 16 
20:30:31:630-<<<<-接收-68 21 00 83 04 00 00 00 00 00 CC CC CC CC CC CC 01 00 00 00 00 10 00 01 00 00 00 00 00 00 00 61 16 
20:30:35:934->>>>-发送-68 1B 00 43 04 00 00 B0 04 00 01 00 00 00 00 10 06 00 00 00 00 00 12 02 00 26 16 
20:30:36:070-<<<<-接收-68 21 00 83 04 00 00 00 00 00 CC CC CC CC CC CC 01 00 00 00 00 10 00 01 00 00 00 00 00 00 00 61 16 
20:30:36:123->>>>-发送-68 1E 00 43 04 00 00 B0 04 00 01 00 00 00 00 10 06 00 00 00 00 00 F0 20 13 01 00 01 37 16 
20:30:36:278-<<<<-接收-68 1C 00 83 04 00 00 00 00 00 CC CC CC CC CC CC 01 00 00 00 00 10 00 02 00 0C 6E 16 
20:30:42:050->>>>-发送-68 1E 00 43 04 00 00 B0 04 00 01 00 00 00 00 10 06 00 00 00 00 00 F0 20 13 01 00 01 37 16 
20:30:42:183-<<<<-接收-68 1C 00 83 04 00 00 00 00 00 CC CC CC CC CC CC 01 00 00 00 00 10 00 02 00 0C 6E 16 
20:33:28:798->>>>-发送-68 1E 00 43 04 00 00 B0 04 00 01 00 00 00 00 10 06 00 00 00 00 00 F0 20 13 01 00 01 37 16 
20:33:28:942-<<<<-接收-68 1C 00 83 04 00 00 00 00 00 CC CC CC CC CC CC 01 00 00 00 00 10 00 02 00 0C 6E 16 
20:33:47:668->>>>-发送-68 1E 00 43 04 00 00 B0 04 00 06 00 00 00 00 00 01 00 00 00 00 10 F0 20 13 01 00 01 37 16 
20:33:47:812-<<<<-接收-68 1C 00 83 04 00 00 00 00 00 CC CC CC CC CC CC 01 00 00 00 00 10 00 02 00 0C 6E 16 
20:34:08:490->>>>-发送-68 1E 00 43 04 00 00 B0 04 00 06 00 00 00 00 00 01 00 00 00 00 10 F0 20 13 01 00 01 37 16 
20:34:08:644-<<<<-接收-68 1C 00 83 04 00 00 00 00 00 CC CC CC CC CC CC 01 00 00 00 00 10 00 02 00 0C 6E 16 
20:34:35:025->>>>-发送-68 1E 00 43 04 00 00 B0 04 00 06 00 00 00 00 00 01 00 00 00 00 10 10 01 00 CC CC CC 87 16 
20:34:35:179-<<<<-接收-68 1F 00 83 04 00 00 00 00 00 01 00 00 00 00 10 06 00 00 00 00 00 10 01 00 01 00 F8 07 AF 16 
20:34:35:186->>>>-发送-68 1E 00 43 04 00 00 B0 04 00 06 00 00 00 00 00 01 00 00 00 00 10 F0 20 13 00 00 00 35 16 
20:34:35:411-<<<<-接收-68 4C 00 83 04 00 00 00 FE 00 01 00 00 00 00 10 06 00 00 00 00 00 F0 20 13 01 00 01 01 00 00 00 00 10 00 00 00 00 07 0B 00 00 76 03 00 00 63 04 00 00 51 FD FF 00 00 00 00 00 23 45 00 00 FD 11 00 00 A0 22 00 00 86 10 00 00 DF 16 
20:35:04:859->>>>-发送-68 1E 00 43 04 00 00 B0 04 00 06 00 00 00 00 00 01 00 00 00 00 10 10 01 00 CC CC CC 87 16 
20:35:04:993-<<<<-接收-68 1F 00 83 04 00 00 00 00 00 01 00 00 00 00 10 06 00 00 00 00 00 10 01 00 01 00 F8 07 AF 16 
20:35:05:001->>>>-发送-68 1E 00 43 04 00 00 B0 04 00 06 00 00 00 00 00 01 00 00 00 00 10 F0 01 13 01 00 01 18 16 
20:35:05:442-<<<<-接收-68 55 00 83 04 00 00 00 00 00 01 00 00 00 00 10 06 00 00 00 00 00 F0 01 13 01 00 01 06 00 00 00 00 00 42 11 04 17 20 09 01 00 00 11 04 17 20 09 01 00 00 04 07 17 20 10 01 00 04 11 04 17 20 54 14 00 00 11 04 17 20 49 14 00 00 05 12 16 00 01 00 00 00 7A 16 
20:37:56:528->>>>-发送-68 1E 00 43 04 00 00 B0 04 00 01 00 00 00 00 10 06 00 00 00 00 00 10 01 00 CC CC CC 87 16 
20:37:56:684-<<<<-接收-68 1F 00 83 04 00 00 00 00 00 06 00 00 00 00 00 01 00 00 00 00 10 10 01 00 01 00 F8 07 AF 16 
20:37:56:689->>>>-发送-68 1E 00 43 04 00 00 B0 04 00 01 00 00 00 00 10 06 00 00 00 00 00 F0 20 13 CC CC CC 99 16 
20:37:56:833-<<<<-接收-68 1C 00 83 04 00 00 00 00 00 CC CC CC CC CC CC 01 00 00 00 00 10 00 02 00 1C 7E 16 
20:38:14:832->>>>-发送-68 1E 00 43 04 00 00 B0 04 00 01 00 00 00 00 10 06 00 00 00 00 00 10 01 00 CC CC CC 87 16 
20:38:14:978-<<<<-接收-68 1F 00 83 04 00 00 00 00 00 06 00 00 00 00 00 01 00 00 00 00 10 10 01 00 01 00 F8 07 AF 16 
20:38:14:985->>>>-发送-68 1E 00 43 04 00 00 B0 04 00 01 00 00 00 00 10 06 00 00 00 00 00 F0 20 13 CC CC CC 99 16 
20:38:15:119-<<<<-接收-68 1C 00 83 04 00 00 00 00 00 CC CC CC CC CC CC 01 00 00 00 00 10 00 02 00 1C 7E 16 
20:38:16:368->>>>-发送-68 1E 00 43 04 00 00 B0 04 00 01 00 00 00 00 10 06 00 00 00 00 00 10 01 00 CC CC CC 87 16 
20:38:16:513-<<<<-接收-68 1F 00 83 04 00 00 00 00 00 06 00 00 00 00 00 01 00 00 00 00 10 10 01 00 01 00 F8 07 AF 16 
20:38:16:519->>>>-发送-68 1E 00 43 04 00 00 B0 04 00 01 00 00 00 00 10 06 00 00 00 00 00 F0 20 13 CC CC CC 99 16 
20:38:16:653-<<<<-接收-68 1C 00 83 04 00 00 00 00 00 CC CC CC CC CC CC 01 00 00 00 00 10 00 02 00 1C 7E 16 
20:38:18:265->>>>-发送-68 1E 00 43 04 00 00 B0 04 00 01 00 00 00 00 10 06 00 00 00 00 00 10 01 00 CC CC CC 87 16 
20:38:18:451-<<<<-接收-68 1F 00 83 04 00 00 00 00 00 06 00 00 00 00 00 01 00 00 00 00 10 10 01 00 01 00 F8 07 AF 16 
20:38:18:458->>>>-发送-68 1E 00 43 04 00 00 B0 04 00 01 00 00 00 00 10 06 00 00 00 00 00 F0 20 13 CC CC CC 99 16 
20:38:18:591-<<<<-接收-68 1C 00 83 04 00 00 00 00 00 CC CC CC CC CC CC 01 00 00 00 00 10 00 02 00 1C 7E 16 
20:39:49:842->>>>-发送-68 12 00 43 01 00 00 00 00 00 10 01 00 CC CC CC B9 16 
20:39:49:967-<<<<-接收-68 13 00 83 00 00 00 00 00 00 10 01 00 01 00 F8 07 94 16 
20:39:49:973->>>>-发送-68 12 00 43 01 00 00 00 00 00 F0 20 13 01 00 01 69 16 
20:39:50:078-<<<<-接收-68 10 00 83 00 00 00 00 00 00 00 02 00 0C 91 16 
20:40:02:333->>>>-发送-68 12 00 43 01 00 00 00 00 00 10 01 00 CC CC CC B9 16 
20:40:02:457-<<<<-接收-68 13 00 83 00 00 00 00 00 00 10 01 00 01 00 F8 07 94 16 
20:40:02:464->>>>-发送-68 12 00 43 01 00 00 00 00 00 F0 20 13 01 00 01 69 16 
20:40:02:578-<<<<-接收-68 10 00 83 00 00 00 00 00 00 00 02 00 0C 91 16 
20:40:08:377->>>>-发送-68 12 00 43 01 00 00 00 00 00 10 01 00 CC CC CC B9 16 
20:40:08:500-<<<<-接收-68 13 00 83 00 00 00 00 00 00 10 01 00 01 00 F8 07 94 16 
20:40:08:505->>>>-发送-68 12 00 43 01 00 00 00 00 00 F0 20 13 01 00 01 69 16 
20:40:08:609-<<<<-接收-68 10 00 83 00 00 00 00 00 00 00 02 00 0C 91 16 
20:40:09:850->>>>-发送-68 12 00 43 01 00 00 00 00 00 10 01 00 CC CC CC B9 16 
20:40:09:954-<<<<-接收-68 13 00 83 00 00 00 00 00 00 10 01 00 01 00 F8 07 94 16 
20:40:09:960->>>>-发送-68 12 00 43 01 00 00 00 00 00 F0 20 13 01 00 01 69 16 
20:40:10:063-<<<<-接收-68 10 00 83 00 00 00 00 00 00 00 02 00 0C 91 16 
20:40:10:859->>>>-发送-68 12 00 43 01 00 00 00 00 00 10 01 00 CC CC CC B9 16 
20:40:10:972-<<<<-接收-68 13 00 83 00 00 00 00 00 00 10 01 00 01 00 F8 07 94 16 
20:40:10:979->>>>-发送-68 12 00 43 01 00 00 00 00 00 F0 20 13 01 00 01 69 16 
20:40:11:082-<<<<-接收-68 10 00 83 00 00 00 00 00 00 00 02 00 0C 91 16 
20:40:11:714->>>>-发送-68 12 00 43 01 00 00 00 00 00 10 01 00 CC CC CC B9 16 
20:40:11:819-<<<<-接收-68 13 00 83 00 00 00 00 00 00 10 01 00 01 00 F8 07 94 16 
20:40:11:826->>>>-发送-68 12 00 43 01 00 00 00 00 00 F0 20 13 01 00 01 69 16 
20:40:11:930-<<<<-接收-68 10 00 83 00 00 00 00 00 00 00 02 00 0C 91 16 
20:42:06:049->>>>-发送-68 1E 00 43 04 00 00 B0 04 00 01 00 00 00 00 10 06 00 00 00 00 00 10 01 00 CC CC CC 87 16 
20:42:06:214-<<<<-接收-68 1F 00 83 04 00 00 00 00 00 06 00 00 00 00 00 01 00 00 00 00 10 10 01 00 01 00 F8 07 AF 16 
20:42:06:221->>>>-发送-68 1E 00 43 04 00 00 B0 04 00 01 00 00 00 00 10 06 00 00 00 00 00 F0 20 13 01 00 01 37 16 
20:42:06:364-<<<<-接收-68 1C 00 83 04 00 00 00 00 00 CC CC CC CC CC CC 01 00 00 00 00 10 00 02 00 0C 6E 16 
20:42:09:811->>>>-发送-68 1E 00 43 04 00 00 B0 04 00 01 00 00 00 00 10 06 00 00 00 00 00 F0 20 13 02 00 01 38 16 
20:42:09:965-<<<<-接收-68 1C 00 83 04 00 00 00 00 00 CC CC CC CC CC CC 01 00 00 00 00 10 00 02 00 1C 7E 16 
20:42:10:887->>>>-发送-68 1E 00 43 04 00 00 B0 04 00 01 00 00 00 00 10 06 00 00 00 00 00 F0 20 13 03 00 01 39 16 
20:42:11:021-<<<<-接收-68 1C 00 83 04 00 00 00 00 00 CC CC CC CC CC CC 01 00 00 00 00 10 00 02 00 1C 7E 16 
20:42:11:802->>>>-发送-68 1E 00 43 04 00 00 B0 04 00 01 00 00 00 00 10 06 00 00 00 00 00 F0 20 13 04 00 01 3A 16 
20:42:11:946-<<<<-接收-68 1C 00 83 04 00 00 00 00 00 CC CC CC CC CC CC 01 00 00 00 00 10 00 02 00 1C 7E 16 
20:42:12:592->>>>-发送-68 1E 00 43 04 00 00 B0 04 00 01 00 00 00 00 10 06 00 00 00 00 00 F0 20 13 05 00 01 3B 16 
20:42:12:737-<<<<-接收-68 1C 00 83 04 00 00 00 00 00 CC CC CC CC CC CC 01 00 00 00 00 10 00 02 00 1C 7E 16 
20:42:13:293->>>>-发送-68 1E 00 43 04 00 00 B0 04 00 01 00 00 00 00 10 06 00 00 00 00 00 F0 20 13 06 00 01 3C 16 
20:42:13:439-<<<<-接收-68 1C 00 83 04 00 00 00 00 00 CC CC CC CC CC CC 01 00 00 00 00 10 00 02 00 1C 7E 16 
20:42:13:912->>>>-发送-68 1E 00 43 04 00 00 B0 04 00 01 00 00 00 00 10 06 00 00 00 00 00 F0 20 13 07 00 01 3D 16 
20:42:14:056-<<<<-接收-68 1C 00 83 04 00 00 00 00 00 CC CC CC CC CC CC 01 00 00 00 00 10 00 02 00 1C 7E 16 
20:42:14:356->>>>-发送-68 1E 00 43 04 00 00 B0 04 00 01 00 00 00 00 10 06 00 00 00 00 00 F0 20 13 08 00 01 3E 16 
20:42:14:511-<<<<-接收-68 1C 00 83 04 00 00 00 00 00 CC CC CC CC CC CC 01 00 00 00 00 10 00 02 00 1C 7E 16 
20:42:14:676->>>>-发送-68 1E 00 43 04 00 00 B0 04 00 01 00 00 00 00 10 06 00 00 00 00 00 F0 20 13 09 00 01 3F 16 
20:42:14:789-<<<<-接收-68 1C 
