09:43:42:683->>>>-发送-68 0F 00 C3 01 00 00 00 00 00 F0 20 03 D7 16 
09:43:44:831-<<<<-接收-68 17 00 C3 00 00 00 00 00 05 F0 04 03 01 48 49 03 33 18 35 01 D5 16 
09:43:46:242->>>>-发送-68 10 00 C3 01 00 00 00 00 01 F0 80 03 01 39 16 
09:43:46:337-<<<<-接收-68 15 00 83 00 00 00 00 06 01 00 01 00 00 00 00 00 00 00 8B 16 
09:43:49:423->>>>-发送-68 2C 00 C3 05 00 00 00 00 03 01 BE BE BE BE BE 48 49 03 33 18 35 F0 80 00 0F 00 68 0F 00 C3 01 00 00 00 00 02 F0 02 01 B9 16 14 16 
09:43:50:112-<<<<-接收-68 2E 00 83 04 00 00 00 00 03 48 49 03 33 18 35 01 BE BE BE BE BE F0 80 00 11 00 68 11 00 83 F8 10 00 00 00 02 F0 02 01 3D 00 BD 16 DF 16 
09:43:50:127->>>>-发送-68 2C 00 C3 05 00 00 00 00 05 01 BE BE BE BE BE 48 49 03 33 18 35 F0 80 00 0F 00 68 0F 00 C3 01 00 00 00 00 04 10 01 00 D9 16 56 16 
09:43:50:814-<<<<-接收-68 30 00 83 04 00 00 00 00 05 48 49 03 33 18 35 01 BE BE BE BE BE F0 80 00 13 00 68 13 00 83 00 00 00 00 00 04 10 01 00 5A 00 F8 07 F1 16 4D 16 
09:43:50:824->>>>-发送-68 2F 00 C3 05 00 00 00 00 07 01 BE BE BE BE BE 48 49 03 33 18 35 F0 80 00 12 00 68 12 00 C3 01 00 00 00 00 06 F0 01 01 00 00 14 D0 16 4C 16 
09:43:51:802-<<<<-接收-68 49 01 83 04 00 00 00 00 07 48 49 03 33 18 35 01 BE BE BE BE BE F0 80 00 2C 01 68 2C 01 83 F8 10 00 00 00 06 F0 01 01 3D 00 00 00 14 41 74 59 00 01 03 02 00 01 00 62 63 00 00 24 50 60 00 01 03 03 00 01 00 42 63 00 00 15 50 60 00 01 03 04 00 01 00 42 63 00 00 40 74 59 00 01 03 05 00 07 00 43 63 00 00 60 76 60 00 01 03 06 00 0A 00 43 63 00 00 65 76 60 00 01 03 07 00 01 00 62 64 00 00 50 15 60 00 01 03 08 00 01 00 42 6C 00 00 61 16 61 00 01 03 09 00 01 00 42 6E 00 00 80 61 59 00 01 03 0A 00 01 00 62 63 00 00 74 78 60 00 01 03 0B 00 17 00 43 63 00 00 42 74 59 00 01 03 0C 00 17 00 43 63 00 00 25 34 45 01 01 03 0D 00 17 00 63 64 00 00 87 07 61 00 01 03 0E 00 17 00 43 63 00 00 96 07 61 00 01 03 0F 00 0D 00 44 63 00 00 82 61 59 00 01 03 10 00 1C 00 44 63 00 00 82 45 59 00 01 03 11 00 1C 00 44 63 00 00 19 01 61 00 01 03 12 00 1C 00 44 63 00 00 37 74 59 00 01 03 13 00 17 00 43 63 00 00 25 50 60 00 01 03 14 00 17 00 43 63 00 00 99 80 59 00 01 03 15 00 1C 00 44 63 00 00 BA 16 15 16 
09:43:51:825->>>>-发送-68 2F 00 C3 05 00 00 00 00 09 01 BE BE BE BE BE 48 49 03 33 18 35 F0 80 00 12 00 68 12 00 C3 01 00 00 00 00 08 F0 01 01 14 00 14 E6 16 7A 16 
09:43:52:715-<<<<-接收-68 49 01 83 04 00 00 00 00 09 48 49 03 33 18 35 01 BE BE BE BE BE F0 80 00 2C 01 68 2C 01 83 F8 10 00 00 00 08 F0 01 01 3D 00 14 00 14 98 15 60 00 01 03 16 00 1C 00 44 62 00 00 79 02 61 00 01 03 17 00 01 00 62 63 00 00 89 07 61 00 01 03 18 00 02 00 43 6B 00 00 73 46 60 00 01 03 19 00 02 00 43 65 00 00 47 11 60 00 01 03 1A 00 0A 00 43 6B 00 00 51 26 59 00 01 03 1B 00 0A 00 43 6B 00 00 91 78 60 00 01 03 1C 00 0A 00 63 6D 00 00 43 26 59 00 01 03 1D 00 0A 00 43 6D 00 00 88 21 72 04 00 00 1E 00 01 00 42 63 00 00 69 78 71 04 00 00 1F 00 01 00 42 63 00 00 42 18 72 04 00 00 20 00 01 00 42 63 00 00 49 11 60 00 01 03 21 00 0A 00 43 64 00 00 61 11 61 00 01 03 22 00 0A 00 43 64 00 00 28 14 60 00 01 03 23 00 0A 00 43 68 00 00 68 86 60 00 01 03 24 00 07 00 43 69 00 00 51 29 23 01 01 03 25 00 02 00 43 8E 00 00 39 11 60 00 01 03 26 00 1C 00 44 63 00 00 25 01 61 00 01 03 27 00 1C 00 44 62 00 00 14 59 87 00 01 03 28 00 1C 00 44 64 00 00 38 74 59 00 01 03 29 00 0A 00 43 8C 00 00 65 16 6D 16 
09:43:52:734->>>>-发送-68 2F 00 C3 05 00 00 00 00 0B 01 BE BE BE BE BE 48 49 03 33 18 35 F0 80 00 12 00 68 12 00 C3 01 00 00 00 00 0A F0 01 01 28 00 14 FC 16 A8 16 
09:43:53:647-<<<<-接收-68 49 01 83 04 00 00 00 00 0B 48 49 03 33 18 35 01 BE BE BE BE BE F0 80 00 2C 01 68 2C 01 83 F8 10 00 00 00 0A F0 01 01 3D 00 28 00 14 44 11 60 00 01 03 2A 00 1C 00 64 8F 00 00 72 78 60 00 01 03 2B 00 17 00 43 64 00 00 31 74 59 00 01 03 2C 00 33 00 44 63 00 00 80 50 17 01 01 03 2D 00 1C 00 44 D5 00 00 68 11 61 00 01 03 2E 00 2A 00 45 62 00 00 30 81 60 00 01 03 2F 00 2A 00 45 62 00 00 72 09 61 00 01 03 30 00 2A 00 45 62 00 00 60 34 59 00 01 03 31 00 33 00 44 63 00 00 75 78 60 00 01 03 32 00 33 00 44 63 00 00 73 08 61 00 01 03 33 00 17 00 63 64 00 00 96 82 60 00 01 03 34 00 0D 00 44 63 00 00 23 81 60 00 01 03 35 00 01 00 42 6C 00 00 16 50 60 00 01 03 36 00 01 00 42 6A 00 00 32 74 59 00 01 03 37 00 01 00 42 64 00 00 47 77 59 00 01 03 38 00 02 00 43 69 00 00 19 50 60 00 01 03 39 00 07 00 43 65 00 00 36 74 59 00 01 03 3A 00 01 00 42 64 00 00 39 74 59 00 01 03 3B 00 01 00 42 63 00 00 07 76 05 00 00 00 3C 00 01 00 42 65 00 00 64 38 05 00 00 00 3D 00 01 00 42 5B 00 00 E5 16 6F 16 
09:43:53:669->>>>-发送-68 2F 00 C3 05 00 00 00 00 0D 01 BE BE BE BE BE 48 49 03 33 18 35 F0 80 00 12 00 68 12 00 C3 01 00 00 00 00 0C F0 01 01 3C 00 01 FF 16 B0 16 
09:43:54:410-<<<<-接收-68 3F 00 83 04 00 00 00 00 0D 48 49 03 33 18 35 01 BE BE BE BE BE F0 80 00 22 00 68 22 00 83 F8 10 00 00 00 0C F0 01 01 3D 00 3C 00 01 01 BE BE BE BE BE FE 03 00 00 00 00 00 00 BB 16 07 16 
09:43:58:640->>>>-发送-68 2F 00 C3 05 00 00 00 00 0F 01 BE BE BE BE BE 48 49 03 33 18 35 F0 80 00 12 00 68 12 00 C3 01 00 00 00 00 0E 10 02 00 01 00 06 EB 16 8A 16 
09:43:59:388-<<<<-接收-68 5F 00 83 04 00 00 00 00 0F 48 49 03 33 18 35 01 BE BE BE BE BE F0 80 00 42 00 68 42 00 83 00 00 00 00 00 0E 10 02 00 5A 00 06 43 59 05 00 00 00 00 10 43 26 59 00 01 03 00 10 51 26 59 00 01 03 00 10 60 34 59 00 01 03 00 10 82 45 59 00 01 03 00 10 80 61 59 00 01 03 00 10 F1 16 B5 16 
09:44:17:535->>>>-发送-68 2C 00 C3 05 00 00 00 00 11 01 BE BE BE BE BE 48 49 03 33 18 35 F0 80 00 0F 00 68 0F 00 C3 01 00 00 00 00 10 F0 02 01 C7 16 3E 16 
09:44:18:213-<<<<-接收-68 2E 00 83 04 00 00 00 00 11 48 49 03 33 18 35 01 BE BE BE BE BE F0 80 00 11 00 68 11 00 83 F8 10 00 00 00 10 F0 02 01 3D 00 CB 16 09 16 
09:44:18:244->>>>-发送-68 2C 00 C3 05 00 00 00 00 13 01 BE BE BE BE BE 48 49 03 33 18 35 F0 80 00 0F 00 68 0F 00 C3 01 00 00 00 00 12 10 01 00 E7 16 80 16 
09:44:18:917-<<<<-接收-68 30 00 83 04 00 00 00 00 13 48 49 03 33 18 35 01 BE BE BE BE BE F0 80 00 13 00 68 13 00 83 00 00 00 00 00 12 10 01 00 5A 00 F8 07 FF 16 77 16 
09:44:18:929->>>>-发送-68 2F 00 C3 05 00 00 00 00 15 01 BE BE BE BE BE 48 49 03 33 18 35 F0 80 00 12 00 68 12 00 C3 01 00 00 00 00 14 F0 01 01 00 00 14 DE 16 76 16 
09:44:19:857-<<<<-接收-68 49 01 83 04 00 00 00 00 15 48 49 03 33 18 35 01 BE BE BE BE BE F0 80 00 2C 01 68 2C 01 83 F8 10 00 00 00 14 F0 01 01 3D 00 00 00 14 41 74 59 00 01 03 02 00 01 00 62 63 00 00 24 50 60 00 01 03 03 00 01 00 42 63 00 00 15 50 60 00 01 03 04 00 01 00 42 63 00 00 40 74 59 00 01 03 05 00 07 00 43 63 00 00 60 76 60 00 01 03 06 00 0A 00 43 63 00 00 65 76 60 00 01 03 07 00 01 00 62 64 00 00 50 15 60 00 01 03 08 00 01 00 42 6C 00 00 61 16 61 00 01 03 09 00 01 00 42 6E 00 00 80 61 59 00 01 03 0A 00 01 00 62 63 00 00 74 78 60 00 01 03 0B 00 17 00 43 63 00 00 42 74 59 00 01 03 0C 00 17 00 43 63 00 00 25 34 45 01 01 03 0D 00 17 00 63 64 00 00 87 07 61 00 01 03 0E 00 17 00 43 63 00 00 96 07 61 00 01 03 0F 00 0D 00 44 63 00 00 82 61 59 00 01 03 10 00 1C 00 44 63 00 00 82 45 59 00 01 03 11 00 1C 00 44 63 00 00 19 01 61 00 01 03 12 00 1C 00 44 63 00 00 37 74 59 00 01 03 13 00 17 00 43 63 00 00 25 50 60 00 01 03 14 00 17 00 43 63 00 00 99 80 59 00 01 03 15 00 1C 00 44 63 00 00 C8 16 3F 16 
09:44:19:879->>>>-发送-68 2F 00 C3 05 00 00 00 00 17 01 BE BE BE BE BE 48 49 03 33 18 35 F0 80 00 12 00 68 12 00 C3 01 00 00 00 00 16 F0 01 01 14 00 14 F4 16 A4 16 
09:44:20:840-<<<<-接收-68 49 01 83 04 00 00 00 00 17 48 49 03 33 18 35 01 BE BE BE BE BE F0 80 00 2C 01 68 2C 01 83 F8 10 00 00 00 16 F0 01 01 3D 00 14 00 14 98 15 60 00 01 03 16 00 1C 00 44 63 00 00 79 02 61 00 01 03 17 00 01 00 62 64 00 00 89 07 61 00 01 03 18 00 02 00 43 6B 00 00 73 46 60 00 01 03 19 00 02 00 43 65 00 00 47 11 60 00 01 03 1A 00 0A 00 43 6B 00 00 51 26 59 00 01 03 1B 00 0A 00 43 6B 00 00 91 78 60 00 01 03 1C 00 0A 00 63 6D 00 00 43 26 59 00 01 03 1D 00 0A 00 43 6D 00 00 88 21 72 04 00 00 1E 00 01 00 42 64 00 00 69 78 71 04 00 00 1F 00 01 00 42 63 00 00 42 18 72 04 00 00 20 00 01 00 42 63 00 00 49 11 60 00 01 03 21 00 0A 00 43 64 00 00 61 11 61 00 01 03 22 00 0A 00 43 64 00 00 28 14 60 00 01 03 23 00 0A 00 43 68 00 00 68 86 60 00 01 03 24 00 07 00 43 69 00 00 51 29 23 01 01 03 25 00 02 00 43 8E 00 00 39 11 60 00 01 03 26 00 1C 00 44 64 00 00 25 01 61 00 01 03 27 00 1C 00 44 63 00 00 14 59 87 00 01 03 28 00 1C 00 44 64 00 00 38 74 59 00 01 03 29 00 0A 00 43 8D 00 00 79 16 A3 16 
09:44:20:852->>>>-发送-68 2F 00 C3 05 00 00 00 00 19 01 BE BE BE BE BE 48 49 03 33 18 35 F0 80 00 12 00 68 12 00 C3 01 00 00 00 00 18 F0 01 01 28 00 14 0A 16 D2 16 
09:44:21:797-<<<<-接收-68 49 01 83 04 00 00 00 00 19 48 49 03 33 18 35 01 BE BE BE BE BE F0 80 00 2C 01 68 2C 01 83 F8 10 00 00 00 18 F0 01 01 3D 00 28 00 14 44 11 60 00 01 03 2A 00 1C 00 64 91 00 00 72 78 60 00 01 03 2B 00 17 00 43 64 00 00 31 74 59 00 01 03 2C 00 33 00 44 63 00 00 80 50 17 01 01 03 2D 00 1C 00 44 D9 00 00 68 11 61 00 01 03 2E 00 2A 00 45 63 00 00 30 81 60 00 01 03 2F 00 2A 00 45 63 00 00 72 09 61 00 01 03 30 00 2A 00 45 63 00 00 60 34 59 00 01 03 31 00 33 00 44 63 00 00 75 78 60 00 01 03 32 00 33 00 44 63 00 00 73 08 61 00 01 03 33 00 17 00 63 64 00 00 96 82 60 00 01 03 34 00 0D 00 44 63 00 00 23 81 60 00 01 03 35 00 01 00 42 6C 00 00 16 50 60 00 01 03 36 00 01 00 42 6A 00 00 32 74 59 00 01 03 37 00 01 00 42 64 00 00 47 77 59 00 01 03 38 00 02 00 43 69 00 00 19 50 60 00 01 03 39 00 07 00 43 65 00 00 36 74 59 00 01 03 3A 00 01 00 42 64 00 00 39 74 59 00 01 03 3B 00 01 00 42 63 00 00 07 76 05 00 00 00 3C 00 01 00 42 64 00 00 64 38 05 00 00 00 3D 00 01 00 42 5B 00 00 FB 16 A9 16 
09:44:21:809->>>>-发送-68 2F 00 C3 05 00 00 00 00 1B 01 BE BE BE BE BE 48 49 03 33 18 35 F0 80 00 12 00 68 12 00 C3 01 00 00 00 00 1A F0 01 01 3C 00 01 0D 16 DA 16 
09:44:22:582-<<<<-接收-68 3F 00 83 04 00 00 00 00 1B 48 49 03 33 18 35 01 BE BE BE BE BE F0 80 00 22 00 68 22 00 83 F8 10 00 00 00 1A F0 01 01 3D 00 3C 00 01 01 BE BE BE BE BE FE 03 00 00 00 00 00 00 C9 16 31 16 
09:44:27:108->>>>-发送-68 2F 00 C3 05 00 00 00 00 1D 01 BE BE BE BE BE 48 49 03 33 18 35 F0 80 00 12 00 68 12 00 C3 01 00 00 00 00 1C 10 02 00 01 00 06 F9 16 B4 16 
09:44:27:858-<<<<-接收-68 5F 00 83 04 00 00 00 00 1D 48 49 03 33 18 35 01 BE BE BE BE BE F0 80 00 42 00 68 42 00 83 00 00 00 00 00 1C 10 02 00 5A 00 06 43 59 05 00 00 00 00 10 43 26 59 00 01 03 00 10 51 26 59 00 01 03 00 10 60 34 59 00 01 03 00 10 82 45 59 00 01 03 00 10 80 61 59 00 01 03 00 10 FF 16 DF 16 
09:50:49:909->>>>-发送-68 0F 00 C3 01 00 00 00 00 00 F0 20 03 D7 16 
09:50:52:015-<<<<-接收-68 17 00 C3 00 00 00 00 00 09 F0 04 03 01 48 49 03 33 18 35 01 D9 16 
09:50:53:859->>>>-发送-68 10 00 C3 01 00 00 00 00 01 F0 80 03 01 39 16 
09:50:53:945-<<<<-接收-68 15 00 83 00 00 00 00 06 01 00 01 00 00 00 00 00 00 00 8B 16 
09:50:56:537->>>>-发送-68 2C 00 C3 05 00 00 00 00 03 01 BE BE BE BE BE 48 49 03 33 18 35 F0 80 00 0F 00 68 0F 00 C3 01 00 00 00 00 02 F0 02 01 B9 16 14 16 
09:50:57:272-<<<<-接收-68 2E 00 83 04 00 00 00 00 03 48 49 03 33 18 35 01 BE BE BE BE BE F0 80 00 11 00 68 11 00 83 F8 10 00 00 00 02 F0 02 01 3C 00 BC 16 DD 16 
09:50:57:285->>>>-发送-68 2C 00 C3 05 00 00 00 00 05 01 BE BE BE BE BE 48 49 03 33 18 35 F0 80 00 0F 00 68 0F 00 C3 01 00 00 00 00 04 10 01 00 D9 16 56 16 
09:50:57:995-<<<<-接收-68 30 00 83 04 00 00 00 00 05 48 49 03 33 18 35 01 BE BE BE BE BE F0 80 00 13 00 68 13 00 83 00 00 00 00 00 04 10 01 00 5A 00 F8 07 F1 16 4D 16 
09:50:58:007->>>>-发送-68 2F 00 C3 05 00 00 00 00 07 01 BE BE BE BE BE 48 49 03 33 18 35 F0 80 00 12 00 68 12 00 C3 01 00 00 00 00 06 F0 01 01 00 00 14 D0 16 4C 16 
09:50:58:994-<<<<-接收-68 49 01 83 04 00 00 00 00 07 48 49 03 33 18 35 01 BE BE BE BE BE F0 80 00 2C 01 68 2C 01 83 F8 10 00 00 00 06 F0 01 01 3C 00 00 00 14 41 74 59 00 01 03 02 00 01 00 62 63 00 00 24 50 60 00 01 03 03 00 01 00 42 63 00 00 15 50 60 00 01 03 04 00 01 00 42 63 00 00 40 74 59 00 01 03 05 00 07 00 43 63 00 00 60 76 60 00 01 03 06 00 0A 00 43 63 00 00 65 76 60 00 01 03 07 00 01 00 62 64 00 00 50 15 60 00 01 03 08 00 01 00 42 6C 00 00 61 16 61 00 01 03 09 00 01 00 42 6E 00 00 80 61 59 00 01 03 0A 00 01 00 62 63 00 00 74 78 60 00 01 03 0B 00 17 00 43 63 00 00 42 74 59 00 01 03 0C 00 17 00 43 63 00 00 25 34 45 01 01 03 0D 00 17 00 63 64 00 00 87 07 61 00 01 03 0E 00 17 00 43 63 00 00 96 07 61 00 01 03 0F 00 0D 00 44 63 00 00 82 61 59 00 01 03 10 00 1C 00 44 63 00 00 82 45 59 00 01 03 11 00 1C 00 44 63 00 00 19 01 61 00 01 03 12 00 1C 00 44 63 00 00 37 74 59 00 01 03 13 00 17 00 43 63 00 00 25 50 60 00 01 03 14 00 17 00 43 63 00 00 99 80 59 00 01 03 15 00 1C 00 44 63 00 00 B9 16 13 16 
09:50:59:007->>>>-发送-68 2F 00 C3 05 00 00 00 00 09 01 BE BE BE BE BE 48 49 03 33 18 35 F0 80 00 12 00 68 12 00 C3 01 00 00 00 00 08 F0 01 01 14 00 14 E6 16 7A 16 
09:50:59:919-<<<<-接收-68 49 01 83 04 00 00 00 00 09 48 49 03 33 18 35 01 BE BE BE BE BE F0 80 00 2C 01 68 2C 01 83 F8 10 00 00 00 08 F0 01 01 3C 00 14 00 14 98 15 60 00 01 03 16 00 1C 00 44 63 00 00 79 02 61 00 01 03 17 00 01 00 62 63 00 00 89 07 61 00 01 03 18 00 02 00 43 6B 00 00 73 46 60 00 01 03 19 00 02 00 43 65 00 00 47 11 60 00 01 03 1A 00 0A 00 43 6B 00 00 51 26 59 00 01 03 1B 00 0A 00 43 6B 00 00 91 78 60 00 01 03 1C 00 0A 00 63 6D 00 00 43 26 59 00 01 03 1D 00 0A 00 43 6D 00 00 88 21 72 04 00 00 1E 00 01 00 42 63 00 00 69 78 71 04 00 00 1F 00 01 00 42 63 00 00 42 18 72 04 00 00 20 00 01 00 42 63 00 00 49 11 60 00 01 03 21 00 0A 00 43 64 00 00 61 11 61 00 01 03 22 00 0A 00 43 64 00 00 28 14 60 00 01 03 23 00 0A 00 43 68 00 00 68 86 60 00 01 03 24 00 07 00 43 69 00 00 51 29 23 01 01 03 25 00 02 00 43 8F 00 00 39 11 60 00 01 03 26 00 1C 00 44 64 00 00 25 01 61 00 01 03 27 00 1C 00 44 63 00 00 14 59 87 00 01 03 28 00 1C 00 44 64 00 00 44 11 60 00 01 03 2A 00 1C 00 64 94 00 00 54 16 4B 16 
09:50:59:923->>>>-发送-68 2F 00 C3 05 00 00 00 00 0B 01 BE BE BE BE BE 48 49 03 33 18 35 F0 80 00 12 00 68 12 00 C3 01 00 00 00 00 0A F0 01 01 28 00 14 FC 16 A8 16 
09:51:00:816-<<<<-接收-68 49 01 83 04 00 00 00 00 0B 48 49 03 33 18 35 01 BE BE BE BE BE F0 80 00 2C 01 68 2C 01 83 F8 10 00 00 00 0A F0 01 01 3C 00 28 00 14 72 78 60 00 01 03 2B 00 17 00 43 64 00 00 31 74 59 00 01 03 2C 00 33 00 44 63 00 00 80 50 17 01 01 03 2D 00 1C 00 44 DB 00 00 68 11 61 00 01 03 2E 00 2A 00 45 62 00 00 30 81 60 00 01 03 2F 00 2A 00 45 62 00 00 72 09 61 00 01 03 30 00 2A 00 45 63 00 00 60 34 59 00 01 03 31 00 33 00 44 63 00 00 75 78 60 00 01 03 32 00 33 00 44 63 00 00 73 08 61 00 01 03 33 00 17 00 63 64 00 00 96 82 60 00 01 03 34 00 0D 00 44 63 00 00 23 81 60 00 01 03 35 00 01 00 42 6C 00 00 16 50 60 00 01 03 36 00 01 00 42 69 00 00 32 74 59 00 01 03 37 00 01 00 42 64 00 00 47 77 59 00 01 03 38 00 02 00 43 69 00 00 19 50 60 00 01 03 39 00 07 00 43 65 00 00 36 74 59 00 01 03 3A 00 01 00 42 64 00 00 39 74 59 00 01 03 3B 00 01 00 42 63 00 00 07 76 05 00 00 00 3C 00 01 00 42 64 00 00 64 38 05 00 00 00 3D 00 01 00 42 5D 00 00 01 BE BE BE BE BE FE 03 00 00 00 00 00 00 B1 16 07 16 
09:51:04:618->>>>-发送-68 2F 00 C3 05 00 00 00 00 0D 01 BE BE BE BE BE 48 49 03 33 18 35 F0 80 00 12 00 68 12 00 C3 01 00 00 00 00 0C 10 02 00 01 00 0A ED 16 8C 16 
09:51:05:400-<<<<-接收-68 7F 00 83 04 00 00 00 00 0D 48 49 03 33 18 35 01 BE BE BE BE BE F0 80 00 62 00 68 62 00 83 00 00 00 00 00 0C 10 02 00 5A 00 0A 43 59 05 00 00 00 00 10 43 26 59 00 01 03 00 10 51 26 59 00 01 03 00 10 60 34 59 00 01 03 00 10 82 45 59 00 01 03 00 10 80 61 59 00 01 03 00 10 82 61 59 00 01 03 00 10 31 74 59 00 01 03 00 10 32 74 59 00 01 03 00 10 36 74 59 00 01 03 00 10 7F 16 0F 16 
09:51:06:543->>>>-发送-68 2F 00 C3 05 00 00 00 00 0F 01 BE BE BE BE BE 48 49 03 33 18 35 F0 80 00 12 00 68 12 00 C3 01 00 00 00 00 0E 10 02 00 0B 00 0A F9 16 A6 16 
09:51:07:448-<<<<-接收-68 7F 00 83 04 00 00 00 00 0F 48 49 03 33 18 35 01 BE BE BE BE BE F0 80 00 62 00 68 62 00 83 00 00 00 00 00 0E 10 02 00 5A 00 0A 37 74 59 00 01 03 00 10 38 74 59 00 01 03 00 10 39 74 59 00 01 03 00 10 40 74 59 00 01 03 00 10 41 74 59 00 01 03 00 10 42 74 59 00 01 03 00 10 47 77 59 00 01 03 00 10 99 80 59 00 01 03 00 10 39 11 60 00 01 03 00 10 44 11 60 00 01 03 00 10 F0 16 F3 16 
09:51:08:647->>>>-发送-68 2F 00 C3 05 00 00 00 00 11 01 BE BE BE BE BE 48 49 03 33 18 35 F0 80 00 12 00 68 12 00 C3 01 00 00 00 00 10 10 02 00 15 00 0A 05 16 C0 16 
09:51:09:437-<<<<-接收-68 7F 00 83 04 00 00 00 00 11 48 49 03 33 18 35 01 BE BE BE BE BE F0 80 00 62 00 68 62 00 83 00 00 00 00 00 10 10 02 00 5A 00 0A 47 11 60 00 01 03 00 10 49 11 60 00 01 03 00 10 28 14 60 00 01 03 00 10 50 15 60 00 01 03 00 10 98 15 60 00 01 03 00 10 73 46 60 00 01 03 00 10 15 50 60 00 01 03 00 10 16 50 60 00 01 03 00 10 19 50 60 00 01 03 00 10 24 50 60 00 01 03 00 10 F2 16 F9 16 
09:51:10:670->>>>-发送-68 2F 00 C3 05 00 00 00 00 13 01 BE BE BE BE BE 48 49 03 33 18 35 F0 80 00 12 00 68 12 00 C3 01 00 00 00 00 12 10 02 00 1F 00 0A 11 16 DA 16 
09:51:11:427-<<<<-接收-68 7F 00 83 04 00 00 00 00 13 48 49 03 33 18 35 01 BE BE BE BE BE F0 80 00 62 00 68 62 00 83 00 00 00 00 00 12 10 02 00 5A 00 0A 25 50 60 00 01 03 00 10 60 76 60 00 01 03 00 10 65 76 60 00 01 03 00 10 72 78 60 00 01 03 00 10 74 78 60 00 01 03 00 10 75 78 60 00 01 03 00 10 91 78 60 00 01 03 00 10 23 81 60 00 01 03 00 10 30 81 60 00 01 03 00 10 96 82 60 00 01 03 00 10 F2 16 FB 16 
09:51:13:096->>>>-发送-68 2F 00 C3 05 00 00 00 00 15 01 BE BE BE BE BE 48 49 03 33 18 35 F0 80 00 12 00 68 12 00 C3 01 00 00 00 00 14 10 02 00 29 00 0A 1D 16 F4 16 
09:51:13:876-<<<<-接收-68 7F 00 83 04 00 00 00 00 15 48 49 03 33 18 35 01 BE BE BE BE BE F0 80 00 62 00 68 62 00 83 00 00 00 00 00 14 10 02 00 5A 00 0A 68 86 60 00 01 03 00 10 19 01 61 00 01 03 00 10 25 01 61 00 01 03 00 10 79 02 61 00 01 03 00 10 87 07 61 00 01 03 00 10 89 07 61 00 01 03 00 10 96 07 61 00 01 03 00 10 73 08 61 00 01 03 00 10 72 09 61 00 01 03 00 10 61 11 61 00 01 03 00 10 6A 16 ED 16 
09:51:15:157->>>>-发送-68 2F 00 C3 05 00 00 00 00 17 01 BE BE BE BE BE 48 49 03 33 18 35 F0 80 00 12 00 68 12 00 C3 01 00 00 00 00 16 10 02 00 33 00 0A 29 16 0E 16 
09:51:15:925-<<<<-接收-68 7F 00 83 04 00 00 00 00 17 48 49 03 33 18 35 01 BE BE BE BE BE F0 80 00 62 00 68 62 00 83 00 00 00 00 00 16 10 02 00 5A 00 0A 68 11 61 00 01 03 00 10 61 16 61 00 01 03 00 10 14 59 87 00 01 03 00 10 80 50 17 01 01 03 00 10 51 29 23 01 01 03 00 10 25 34 45 01 01 03 00 10 19 61 05 00 00 00 00 10 77 45 05 00 00 00 00 10 57 48 05 00 00 00 00 10 39 64 05 00 00 00 00 10 18 16 4B 16 
09:51:16:959->>>>-发送-68 2F 00 C3 05 00 00 00 00 19 01 BE BE BE BE BE 48 49 03 33 18 35 F0 80 00 12 00 68 12 00 C3 01 00 00 00 00 18 10 02 00 3D 00 0A 35 16 28 16 
09:51:17:771-<<<<-接收-68 7F 00 83 04 00 00 00 00 19 48 49 03 33 18 35 01 BE BE BE BE BE F0 80 00 62 00 68 62 00 83 00 00 00 00 00 18 10 02 00 5A 00 0A 62 38 05 00 00 00 00 10 98 49 05 00 00 00 00 10 64 38 05 00 00 00 00 10 68 45 05 00 00 00 00 10 23 84 05 00 00 00 00 10 73 42 05 00 00 00 00 10 11 35 05 00 00 00 00 10 81 31 05 00 00 00 00 10 93 76 05 00 00 00 00 10 75 27 05 00 00 00 00 10 A0 16 5D 16 
09:51:18:520->>>>-发送-68 2F 00 C3 05 00 00 00 00 1B 01 BE BE BE BE BE 48 49 03 33 18 35 F0 80 00 12 00 68 12 00 C3 01 00 00 00 00 1A 10 02 00 47 00 0A 41 16 42 16 
09:51:19:352-<<<<-接收-68 7F 00 83 04 00 00 00 00 1B 48 49 03 33 18 35 01 BE BE BE BE BE F0 80 00 62 00 68 62 00 83 00 00 00 00 00 1A 10 02 00 5A 00 0A 76 27 05 00 00 00 00 10 03 76 05 00 00 00 00 10 07 76 05 00 00 00 00 10 42 64 05 00 00 00 00 10 95 32 05 00 00 00 00 10 10 76 05 00 00 00 00 10 51 21 05 00 00 00 00 10 71 27 05 00 00 00 00 10 42 18 72 04 00 00 00 10 88 21 72 04 00 00 00 10 5A 16 D3 16 
09:51:20:261->>>>-发送-68 2F 00 C3 05 00 00 00 00 1D 01 BE BE BE BE BE 48 49 03 33 18 35 F0 80 00 12 00 68 12 00 C3 01 00 00 00 00 1C 10 02 00 51 00 0A 4D 16 5C 16 
09:51:21:030-<<<<-接收-68 7F 00 83 04 00 00 00 00 1D 48 49 03 33 18 35 01 BE BE BE BE BE F0 80 00 62 00 68 62 00 83 00 00 00 00 00 1C 10 02 00 5A 00 0A 69 78 71 04 00 00 00 10 16 23 06 00 00 00 00 10 85 23 06 00 00 00 00 10 77 17 06 00 00 00 00 10 10 39 06 00 00 00 00 10 55 33 06 00 00 00 00 10 88 23 06 00 00 00 00 10 03 14 06 00 00 00 00 10 39 16 06 00 00 00 00 10 42 81 05 00 00 00 00 10 54 16 C9 16 
09:51:21:704->>>>-发送-68 2F 00 C3 05 00 00 00 00 1F 01 BE BE BE BE BE 48 49 03 33 18 35 F0 80 00 12 00 68 12 00 C3 01 00 00 00 00 1E 10 02 00 5B 00 0A 59 16 76 16 
09:51:22:420-<<<<-接收-68 2D 00 83 04 00 00 00 00 1F 48 49 03 33 18 35 01 BE BE BE BE BE F0 80 00 10 00 68 10 00 83 00 00 00 00 1C 1E 00 02 00 1C DB 16 35 16 
09:51:29:883->>>>-发送-68 2F 00 C3 05 00 00 00 00 21 01 BE BE BE BE BE 48 49 03 33 18 35 F0 80 00 12 00 68 12 00 C3 01 00 00 00 00 20 10 02 00 65 00 0A 65 16 90 16 
09:51:30:577-<<<<-接收-68 2D 00 83 04 00 00 00 00 21 48 49 03 33 18 35 01 BE BE BE BE BE F0 80 00 10 00 68 10 00 83 00 20 00 00 06 20 00 02 00 1C E7 16 4F 16 
09:51:37:243->>>>-发送-68 2F 00 C3 05 00 00 00 00 23 01 BE BE BE BE BE 48 49 03 33 18 35 F0 80 00 12 00 68 12 00 C3 01 00 00 00 00 22 10 02 00 6F 00 0A 71 16 AA 16 
09:51:38:001-<<<<-接收-68 2D 00 83 04 00 00 00 00 23 48 49 03 33 18 35 01 BE BE BE BE BE F0 80 00 10 00 68 10 00 83 00 00 00 00 1C 22 00 02 00 1C DF 16 41 16 
09:51:45:290->>>>-发送-68 2F 00 C3 05 00 00 00 00 25 01 BE BE BE BE BE 48 49 03 33 18 35 F0 80 00 12 00 68 12 00 C3 01 00 00 00 00 24 10 02 00 79 00 0A 7D 16 C4 16 
09:51:46:047-<<<<-接收-68 2D 00 83 04 00 00 00 00 25 48 49 03 33 18 35 01 BE BE BE BE BE F0 80 00 10 00 68 10 00 83 00 20 00 00 06 24 00 02 00 1C EB 16 5B 16 
10:00:25:436->>>>-发送-68 0F 00 C3 01 00 00 00 00 00 F0 20 03 D7 16 
10:00:27:561-<<<<-接收-68 17 00 C3 00 00 00 00 00 0B F0 04 03 01 48 49 03 33 18 35 01 DB 16 
10:00:28:730->>>>-发送-68 10 00 C3 01 00 00 00 00 01 F0 80 03 01 39 16 
10:00:28:817-<<<<-接收-68 15 00 83 00 00 00 00 06 01 00 01 00 00 00 00 00 00 00 8B 16 
10:00:30:823->>>>-发送-68 2C 00 C3 05 00 00 00 00 03 01 BE BE BE BE BE 48 49 03 33 18 35 F0 80 00 0F 00 68 0F 00 C3 01 00 00 00 00 02 F0 02 01 B9 16 14 16 
10:00:31:548-<<<<-接收-68 2E 00 83 04 00 00 00 00 03 48 49 03 33 18 35 01 BE BE BE BE BE F0 80 00 11 00 68 11 00 83 F8 10 00 00 00 02 F0 02 01 41 00 C1 16 E7 16 
10:00:31:559->>>>-发送-68 2F 00 C3 05 00 00 00 00 05 01 BE BE BE BE BE 48 49 03 33 18 35 F0 80 00 12 00 68 12 00 C3 01 00 00 00 00 04 F0 01 01 00 00 14 CE 16 46 16 
10:00:32:461-<<<<-接收-68 49 01 83 04 00 00 00 00 05 48 49 03 33 18 35 01 BE BE BE BE BE F0 80 00 2C 01 68 2C 01 83 F8 10 00 00 00 04 F0 01 01 41 00 00 00 14 41 74 59 00 01 03 02 00 01 00 62 63 00 00 24 50 60 00 01 03 03 00 01 00 42 63 00 00 15 50 60 00 01 03 04 00 01 00 62 63 00 00 40 74 59 00 01 03 05 00 07 00 43 63 00 00 60 76 60 00 01 03 06 00 0A 00 43 63 00 00 65 76 60 00 01 03 07 00 01 00 62 64 00 00 50 15 60 00 01 03 08 00 01 00 42 6C 00 00 61 16 61 00 01 03 09 00 01 00 42 6E 00 00 80 61 59 00 01 03 0A 00 01 00 62 63 00 00 74 78 60 00 01 03 0B 00 17 00 43 64 00 00 42 74 59 00 01 03 0C 00 17 00 43 63 00 00 25 34 45 01 01 03 0D 00 17 00 63 64 00 00 87 07 61 00 01 03 0E 00 17 00 43 63 00 00 96 07 61 00 01 03 0F 00 0D 00 44 63 00 00 82 61 59 00 01 03 10 00 1C 00 44 63 00 00 82 45 59 00 01 03 11 00 1C 00 44 63 00 00 19 01 61 00 01 03 12 00 1C 00 44 63 00 00 37 74 59 00 01 03 13 00 17 00 43 63 00 00 25 50 60 00 01 03 14 00 17 00 43 63 00 00 99 80 59 00 01 03 15 00 1C 00 44 63 00 00 DD 16 59 16 
10:00:32:479->>>>-发送-68 2F 00 C3 05 00 00 00 00 07 01 BE BE BE BE BE 48 49 03 33 18 35 F0 80 00 12 00 68 12 00 C3 01 00 00 00 00 06 F0 01 01 14 00 14 E4 16 74 16 
10:00:33:438-<<<<-接收-68 49 01 83 04 00 00 00 00 07 48 49 03 33 18 35 01 BE BE BE BE BE F0 80 00 2C 01 68 2C 01 83 F8 10 00 00 00 06 F0 01 01 41 00 14 00 14 98 15 60 00 01 03 16 00 1C 00 44 63 00 00 79 02 61 00 01 03 17 00 01 00 62 64 00 00 89 07 61 00 01 03 18 00 02 00 43 6B 00 00 73 46 60 00 01 03 19 00 02 00 43 65 00 00 47 11 60 00 01 03 1A 00 0A 00 43 6B 00 00 51 26 59 00 01 03 1B 00 0A 00 43 6B 00 00 91 78 60 00 01 03 1C 00 0A 00 63 6D 00 00 43 26 59 00 01 03 1D 00 0A 00 43 6D 00 00 88 21 72 04 00 00 1E 00 01 00 42 63 00 00 69 78 71 04 00 00 1F 00 01 00 42 63 00 00 42 18 72 04 00 00 20 00 01 00 42 63 00 00 49 11 60 00 01 03 21 00 0A 00 43 64 00 00 61 11 61 00 01 03 22 00 0A 00 43 64 00 00 28 14 60 00 01 03 23 00 0A 00 43 68 00 00 68 86 60 00 01 03 24 00 07 00 43 69 00 00 51 29 23 01 01 03 25 00 02 00 43 8F 00 00 39 11 60 00 01 03 26 00 1C 00 44 64 00 00 25 01 61 00 01 03 27 00 1C 00 44 63 00 00 14 59 87 00 01 03 28 00 1C 00 44 64 00 00 38 74 59 00 01 03 29 00 0A 00 43 8E 00 00 6E 16 7D 16 
10:00:33:462->>>>-发送-68 2F 00 C3 05 00 00 00 00 09 01 BE BE BE BE BE 48 49 03 33 18 35 F0 80 00 12 00 68 12 00 C3 01 00 00 00 00 08 F0 01 01 28 00 14 FA 16 A2 16 
10:00:34:608-<<<<-接收-68 49 01 83 04 00 00 00 00 09 48 49 03 33 18 35 01 BE BE BE BE BE F0 80 00 2C 01 68 2C 01 83 F8 10 00 00 00 08 F0 01 01 41 00 28 00 14 44 11 60 00 01 03 2A 00 1C 00 64 90 00 00 72 78 60 00 01 03 2B 00 17 00 43 64 00 00 31 74 59 00 01 03 2C 00 33 00 44 64 00 00 80 50 17 01 01 03 2D 00 1C 00 44 D1 00 00 68 11 61 00 01 03 2E 00 2A 00 45 63 00 00 30 81 60 00 01 03 2F 00 2A 00 45 63 00 00 72 09 61 00 01 03 30 00 2A 00 45 63 00 00 60 34 59 00 01 03 31 00 33 00 44 63 00 00 75 78 60 00 01 03 32 00 33 00 44 63 00 00 73 08 61 00 01 03 33 00 17 00 63 64 00 00 96 82 60 00 01 03 34 00 0D 00 44 63 00 00 23 81 60 00 01 03 35 00 01 00 42 6C 00 00 16 50 60 00 01 03 36 00 01 00 42 69 00 00 32 74 59 00 01 03 37 00 01 00 42 64 00 00 47 77 59 00 01 03 38 00 02 00 43 69 00 00 19 50 60 00 01 03 39 00 07 00 43 65 00 00 36 74 59 00 01 03 3A 00 01 00 42 64 00 00 39 74 59 00 01 03 3B 00 01 00 42 63 00 00 07 76 05 00 00 00 3C 00 01 00 42 65 00 00 64 38 05 00 00 00 3D 00 01 00 42 5E 00 00 EA 16 77 16 
10:00:34:634->>>>-发送-68 2F 00 C3 05 00 00 00 00 0B 01 BE BE BE BE BE 48 49 03 33 18 35 F0 80 00 12 00 68 12 00 C3 01 00 00 00 00 0A F0 01 01 3C 00 05 01 16 B2 16 
10:00:35:386-<<<<-接收-68 77 00 83 04 00 00 00 00 0B 48 49 03 33 18 35 01 BE BE BE BE BE F0 80 00 5A 00 68 5A 00 83 F8 10 00 00 00 0A F0 01 01 41 00 3C 00 05 23 84 05 00 00 00 3E 00 3F 00 44 E1 00 00 81 31 05 00 00 00 3F 00 04 00 63 66 00 00 93 76 05 00 00 00 40 00 3F 00 44 57 00 00 75 27 05 00 00 00 41 00 3F 00 44 4E 00 00 01 BE BE BE BE BE FE 03 00 00 00 00 00 00 AD 16 59 16 
10:00:39:551->>>>-发送-68 2F 00 C3 05 00 00 00 00 0D 01 BE BE BE BE BE 48 49 03 33 18 35 F0 80 00 12 00 68 12 00 C3 01 00 00 00 00 0C 10 01 00 3C 00 05 22 16 F6 16 
10:00:40:393-<<<<-接收-68 30 00 83 04 00 00 00 00 0D 48 49 03 33 18 35 01 BE BE BE BE BE F0 80 00 13 00 68 13 00 83 00 00 00 00 00 0C 10 01 00 5A 00 F8 07 F9 16 65 16 
10:00:40:396->>>>-发送-68 2F 00 C3 05 00 00 00 00 0F 01 BE BE BE BE BE 48 49 03 33 18 35 F0 80 00 12 00 68 12 00 C3 01 00 00 00 00 0E 10 02 00 01 00 0A EF 16 92 16 
10:00:41:295-<<<<-接收-68 7F 00 83 04 00 00 00 00 0F 48 49 03 33 18 35 01 BE BE BE BE BE F0 80 00 62 00 68 62 00 83 00 00 00 00 00 0E 10 02 00 5A 00 0A 43 59 05 00 00 00 00 10 43 26 59 00 01 03 00 10 51 26 59 00 01 03 00 10 60 34 59 00 01 03 00 10 82 45 59 00 01 03 00 10 80 61 59 00 01 03 00 10 82 61 59 00 01 03 00 10 31 74 59 00 01 03 00 10 32 74 59 00 01 03 00 10 36 74 59 00 01 03 00 10 81 16 15 16 
10:00:42:468->>>>-发送-68 2F 00 C3 05 00 00 00 00 11 01 BE BE BE BE BE 48 49 03 33 18 35 F0 80 00 12 00 68 12 00 C3 01 00 00 00 00 10 10 02 00 0B 00 0A FB 16 AC 16 
10:00:43:485-<<<<-接收-68 7F 00 83 04 00 00 00 00 11 48 49 03 33 18 35 01 BE BE BE BE BE F0 80 00 62 00 68 62 00 83 00 40 00 00 00 10 10 02 00 5A 00 0A 37 74 59 00 01 03 00 10 38 74 59 00 01 03 00 10 39 74 59 00 01 03 00 10 40 74 59 00 01 03 00 10 41 74 59 00 01 03 00 10 42 74 59 00 01 03 00 10 47 77 59 00 01 03 00 10 99 80 59 00 01 03 00 10 39 11 60 00 01 03 00 10 44 11 60 00 01 03 00 10 32 16 79 16 
10:00:44:754->>>>-发送-68 2F 00 C3 05 00 00 00 00 13 01 BE BE BE BE BE 48 49 03 33 18 35 F0 80 00 12 00 68 12 00 C3 01 00 00 00 00 12 10 02 00 15 00 0A 07 16 C6 16 
10:00:45:642-<<<<-接收-68 7F 00 83 04 00 00 00 00 13 48 49 03 33 18 35 01 BE BE BE BE BE F0 80 00 62 00 68 62 00 83 00 00 00 00 00 12 10 02 00 5A 00 0A 47 11 60 00 01 03 00 10 49 11 60 00 01 03 00 10 28 14 60 00 01 03 00 10 50 15 60 00 01 03 00 10 98 15 60 00 01 03 00 10 73 46 60 00 01 03 00 10 15 50 60 00 01 03 00 10 16 50 60 00 01 03 00 10 19 50 60 00 01 03 00 10 24 50 60 00 01 03 00 10 F4 16 FF 16 
10:00:46:916->>>>-发送-68 2F 00 C3 05 00 00 00 00 15 01 BE BE BE BE BE 48 49 03 33 18 35 F0 80 00 12 00 68 12 00 C3 01 00 00 00 00 14 10 02 00 1F 00 0A 13 16 E0 16 
10:00:47:707-<<<<-接收-68 7F 00 83 04 00 00 00 00 15 48 49 03 33 18 35 01 BE BE BE BE BE F0 80 00 62 00 68 62 00 83 00 00 00 00 00 14 10 02 00 5A 00 0A 25 50 60 00 01 03 00 10 60 76 60 00 01 03 00 10 65 76 60 00 01 03 00 10 72 78 60 00 01 03 00 10 74 78 60 00 01 03 00 10 75 78 60 00 01 03 00 10 91 78 60 00 01 03 00 10 23 81 60 00 01 03 00 10 30 81 60 00 01 03 00 10 96 82 60 00 01 03 00 10 F4 16 01 16 
10:00:49:032->>>>-发送-68 2F 00 C3 05 00 00 00 00 17 01 BE BE BE BE BE 48 49 03 33 18 35 F0 80 00 12 00 68 12 00 C3 01 00 00 00 00 16 10 02 00 29 00 0A 1F 16 FA 16 
10:00:49:962-<<<<-接收-68 7F 00 83 04 00 00 00 00 17 48 49 03 33 18 35 01 BE BE BE BE BE F0 80 00 62 00 68 62 00 83 00 00 00 00 00 16 10 02 00 5A 00 0A 68 86 60 00 01 03 00 10 19 01 61 00 01 03 00 10 25 01 61 00 01 03 00 10 79 02 61 00 01 03 00 10 87 07 61 00 01 03 00 10 89 07 61 00 01 03 00 10 96 07 61 00 01 03 00 10 73 08 61 00 01 03 00 10 72 09 61 00 01 03 00 10 61 11 61 00 01 03 00 10 6C 16 F3 16 
10:00:51:288->>>>-发送-68 2F 00 C3 05 00 00 00 00 19 01 BE BE BE BE BE 48 49 03 33 18 35 F0 80 00 12 00 68 12 00 C3 01 00 00 00 00 18 10 02 00 33 00 0A 2B 16 14 16 
10:00:52:026-<<<<-接收-68 7F 00 83 04 00 00 00 00 19 48 49 03 33 18 35 01 BE BE BE BE BE F0 80 00 62 00 68 62 00 83 00 00 00 00 00 18 10 02 00 5A 00 0A 68 11 61 00 01 03 00 10 61 16 61 00 01 03 00 10 14 59 87 00 01 03 00 10 80 50 17 01 01 03 00 10 51 29 23 01 01 03 00 10 25 34 45 01 01 03 00 10 19 61 05 00 00 00 00 10 77 45 05 00 00 00 00 10 57 48 05 00 00 00 00 10 39 64 05 00 00 00 00 10 1A 16 51 16 
10:00:53:193->>>>-发送-68 2F 00 C3 05 00 00 00 00 1B 01 BE BE BE BE BE 48 49 03 33 18 35 F0 80 00 12 00 68 12 00 C3 01 00 00 00 00 1A 10 02 00 3D 00 0A 37 16 2E 16 
10:00:54:005-<<<<-接收-68 7F 00 83 04 00 00 00 00 1B 48 49 03 33 18 35 01 BE BE BE BE BE F0 80 00 62 00 68 62 00 83 00 00 00 00 00 1A 10 02 00 5A 00 0A 62 38 05 00 00 00 00 10 98 49 05 00 00 00 00 10 64 38 05 00 00 00 00 10 68 45 05 00 00 00 00 10 23 84 05 00 00 00 00 10 73 42 05 00 00 00 00 10 11 35 05 00 00 00 00 10 81 31 05 00 00 00 00 10 93 76 05 00 00 00 00 10 75 27 05 00 00 00 00 10 A2 16 63 16 
10:00:54:979->>>>-发送-68 2F 00 C3 05 00 00 00 00 1D 01 BE BE BE BE BE 48 49 03 33 18 35 F0 80 00 12 00 68 12 00 C3 01 00 00 00 00 1C 10 02 00 47 00 0A 43 16 48 16 
10:00:55:844-<<<<-接收-68 7F 00 83 04 00 00 00 00 1D 48 49 03 33 18 35 01 BE BE BE BE BE F0 80 00 62 00 68 62 00 83 00 00 00 00 00 1C 10 02 00 5A 00 0A 76 27 05 00 00 00 00 10 03 76 05 00 00 00 00 10 07 76 05 00 00 00 00 10 42 64 05 00 00 00 00 10 95 32 05 00 00 00 00 10 10 76 05 00 00 00 00 10 51 21 05 00 00 00 00 10 71 27 05 00 00 00 00 10 42 18 72 04 00 00 00 10 88 21 72 04 00 00 00 10 5C 16 D9 16 
10:00:56:678->>>>-发送-68 2F 00 C3 05 00 00 00 00 1F 01 BE BE BE BE BE 48 49 03 33 18 35 F0 80 00 12 00 68 12 00 C3 01 00 00 00 00 1E 10 02 00 51 00 0A 4F 16 62 16 
10:00:57:543-<<<<-接收-68 7F 00 83 04 00 00 00 00 1F 48 49 03 33 18 35 01 BE BE BE BE BE F0 80 00 62 00 68 62 00 83 00 00 00 00 00 1E 10 02 00 5A 00 0A 69 78 71 04 00 00 00 10 16 23 06 00 00 00 00 10 85 23 06 00 00 00 00 10 77 17 06 00 00 00 00 10 10 39 06 00 00 00 00 10 55 33 06 00 00 00 00 10 88 23 06 00 00 00 00 10 03 14 06 00 00 00 00 10 39 16 06 00 00 00 00 10 42 81 05 00 00 00 00 10 56 16 CF 16 
10:02:30:716->>>>-发送-68 0F 00 C3 01 00 00 00 00 00 F0 20 03 D7 16 
10:02:32:841-<<<<-接收-68 17 00 C3 00 00 00 00 00 0D F0 04 03 01 48 49 03 33 18 35 01 DD 16 
10:02:34:812->>>>-发送-68 10 00 C3 01 00 00 00 00 01 F0 80 03 01 39 16 
10:02:34:898-<<<<-接收-68 15 00 83 00 00 00 00 06 01 00 01 00 00 00 00 00 00 00 8B 16 
10:02:38:283->>>>-发送-68 2C 00 C3 05 00 00 00 00 03 01 BE BE BE BE BE 48 49 03 33 18 35 F0 80 00 0F 00 68 0F 00 C3 01 00 00 00 00 02 F0 02 01 B9 16 14 16 
10:02:39:084-<<<<-接收-68 2E 00 83 04 00 00 00 00 03 48 49 03 33 18 35 01 BE BE BE BE BE F0 80 00 11 00 68 11 00 83 F8 10 00 00 00 02 F0 02 01 42 00 C2 16 E9 16 
10:02:39:097->>>>-发送-68 2F 00 C3 05 00 00 00 00 05 01 BE BE BE BE BE 48 49 03 33 18 35 F0 80 00 12 00 68 12 00 C3 01 00 00 00 00 04 F0 01 01 00 00 14 CE 16 46 16 
10:02:40:060-<<<<-接收-68 49 01 83 04 00 00 00 00 05 48 49 03 33 18 35 01 BE BE BE BE BE F0 80 00 2C 01 68 2C 01 83 F8 10 00 00 00 04 F0 01 01 42 00 00 00 14 41 74 59 00 01 03 02 00 01 00 62 63 00 00 24 50 60 00 01 03 03 00 01 00 42 63 00 00 15 50 60 00 01 03 04 00 01 00 62 63 00 00 40 74 59 00 01 03 05 00 07 00 43 63 00 00 60 76 60 00 01 03 06 00 0A 00 43 63 00 00 65 76 60 00 01 03 07 00 01 00 62 64 00 00 50 15 60 00 01 03 08 00 01 00 42 6C 00 00 61 16 61 00 01 03 09 00 01 00 42 6E 00 00 80 61 59 00 01 03 0A 00 01 00 62 63 00 00 74 78 60 00 01 03 0B 00 17 00 43 64 00 00 42 74 59 00 01 03 0C 00 17 00 43 63 00 00 25 34 45 01 01 03 0D 00 17 00 63 64 00 00 87 07 61 00 01 03 0E 00 17 00 43 63 00 00 96 07 61 00 01 03 0F 00 0D 00 44 63 00 00 82 61 59 00 01 03 10 00 1C 00 44 63 00 00 82 45 59 00 01 03 11 00 1C 00 44 63 00 00 19 01 61 00 01 03 12 00 1C 00 44 63 00 00 37 74 59 00 01 03 13 00 17 00 43 63 00 00 25 50 60 00 01 03 14 00 17 00 43 63 00 00 99 80 59 00 01 03 15 00 1C 00 44 63 00 00 DE 16 5B 16 
10:02:40:087->>>>-发送-68 2F 00 C3 05 00 00 00 00 07 01 BE BE BE BE BE 48 49 03 33 18 35 F0 80 00 12 00 68 12 00 C3 01 00 00 00 00 06 F0 01 01 14 00 14 E4 16 74 16 
10:02:41:006-<<<<-接收-68 49 01 83 04 00 00 00 00 07 48 49 03 33 18 35 01 BE BE BE BE BE F0 80 00 2C 01 68 2C 01 83 F8 10 00 00 00 06 F0 01 01 42 00 14 00 14 98 15 60 00 01 03 16 00 1C 00 44 63 00 00 79 02 61 00 01 03 17 00 01 00 62 63 00 00 89 07 61 00 01 03 18 00 02 00 43 6C 00 00 73 46 60 00 01 03 19 00 02 00 43 65 00 00 47 11 60 00 01 03 1A 00 0A 00 43 6B 00 00 51 26 59 00 01 03 1B 00 0A 00 43 6B 00 00 91 78 60 00 01 03 1C 00 0A 00 63 6D 00 00 43 26 59 00 01 03 1D 00 0A 00 43 6D 00 00 88 21 72 04 00 00 1E 00 01 00 42 63 00 00 69 78 71 04 00 00 1F 00 01 00 42 63 00 00 42 18 72 04 00 00 20 00 01 00 42 63 00 00 49 11 60 00 01 03 21 00 0A 00 43 64 00 00 61 11 61 00 01 03 22 00 0A 00 43 64 00 00 28 14 60 00 01 03 23 00 0A 00 43 68 00 00 68 86 60 00 01 03 24 00 07 00 43 69 00 00 51 29 23 01 01 03 25 00 02 00 43 8F 00 00 39 11 60 00 01 03 26 00 1C 00 44 64 00 00 25 01 61 00 01 03 27 00 1C 00 44 63 00 00 14 59 87 00 01 03 28 00 1C 00 44 64 00 00 38 74 59 00 01 03 29 00 0A 00 43 90 00 00 71 16 83 16 
10:02:41:026->>>>-发送-68 2F 00 C3 05 00 00 00 00 09 01 BE BE BE BE BE 48 49 03 33 18 35 F0 80 00 12 00 68 12 00 C3 01 00 00 00 00 08 F0 01 01 28 00 14 FA 16 A2 16 
10:02:41:976-<<<<-接收-68 49 01 83 04 00 00 00 00 09 48 49 03 33 18 35 01 BE BE BE BE BE F0 80 00 2C 01 68 2C 01 83 F8 10 00 00 00 08 F0 01 01 42 00 28 00 14 44 11 60 00 01 03 2A 00 1C 00 64 91 00 00 72 78 60 00 01 03 2B 00 17 00 43 64 00 00 31 74 59 00 01 03 2C 00 33 00 44 63 00 00 80 50 17 01 01 03 2D 00 1C 00 44 D0 00 00 68 11 61 00 01 03 2E 00 2A 00 45 63 00 00 30 81 60 00 01 03 2F 00 2A 00 45 63 00 00 72 09 61 00 01 03 30 00 2A 00 45 63 00 00 60 34 59 00 01 03 31 00 33 00 44 63 00 00 75 78 60 00 01 03 32 00 33 00 44 63 00 00 73 08 61 00 01 03 33 00 17 00 63 64 00 00 96 82 60 00 01 03 34 00 0D 00 44 63 00 00 23 81 60 00 01 03 35 00 01 00 42 6C 00 00 16 50 60 00 01 03 36 00 01 00 42 69 00 00 32 74 59 00 01 03 37 00 01 00 42 64 00 00 47 77 59 00 01 03 38 00 02 00 43 69 00 00 19 50 60 00 01 03 39 00 07 00 43 65 00 00 36 74 59 00 01 03 3A 00 01 00 42 64 00 00 39 74 59 00 01 03 3B 00 01 00 42 63 00 00 07 76 05 00 00 00 3C 00 01 00 42 65 00 00 64 38 05 00 00 00 3D 00 01 00 42 5E 00 00 EA 16 77 16 
10:02:41:993->>>>-发送-68 2F 00 C3 05 00 00 00 00 0B 01 BE BE BE BE BE 48 49 03 33 18 35 F0 80 00 12 00 68 12 00 C3 01 00 00 00 00 0A F0 01 01 3C 00 06 02 16 B4 16 
10:02:42:815-<<<<-接收-68 85 00 83 04 00 00 00 00 0B 48 49 03 33 18 35 01 BE BE BE BE BE F0 80 00 68 00 68 68 00 83 F8 10 00 00 00 0A F0 01 01 42 00 3C 00 06 23 84 05 00 00 00 3E 00 3F 00 44 E9 00 00 81 31 05 00 00 00 3F 00 04 00 63 66 00 00 93 76 05 00 00 00 40 00 3F 00 44 5F 00 00 75 27 05 00 00 00 41 00 3F 00 44 5D 00 00 76 27 05 00 00 00 42 00 3F 00 44 42 00 00 01 BE BE BE BE BE FE 03 00 00 00 00 00 00 77 16 09 16 
10:02:47:114->>>>-发送-68 2F 00 C3 05 00 00 00 00 0D 01 BE BE BE BE BE 48 49 03 33 18 35 F0 80 00 12 00 68 12 00 C3 01 00 00 00 00 0C 10 01 00 3C 00 06 23 16 F8 16 
10:02:47:830-<<<<-接收-68 30 00 83 04 00 00 00 00 0D 48 49 03 33 18 35 01 BE BE BE BE BE F0 80 00 13 00 68 13 00 83 00 00 00 00 00 0C 10 01 00 5A 00 F8 07 F9 16 65 16 
10:02:47:843->>>>-发送-68 2F 00 C3 05 00 00 00 00 0F 01 BE BE BE BE BE 48 49 03 33 18 35 F0 80 00 12 00 68 12 00 C3 01 00 00 00 00 0E 10 02 00 01 00 0A EF 16 92 16 
10:02:48:632-<<<<-接收-68 7F 00 83 04 00 00 00 00 0F 48 49 03 33 18 35 01 BE BE BE BE BE F0 80 00 62 00 68 62 00 83 00 00 00 00 00 0E 10 02 00 5A 00 0A 43 59 05 00 00 00 00 10 43 26 59 00 01 03 00 10 51 26 59 00 01 03 00 10 60 34 59 00 01 03 00 10 82 45 59 00 01 03 00 10 80 61 59 00 01 03 00 10 82 61 59 00 01 03 00 10 31 74 59 00 01 03 00 10 32 74 59 00 01 03 00 10 36 74 59 00 01 03 00 10 81 16 15 16 
10:02:49:819->>>>-发送-68 2F 00 C3 05 00 00 00 00 11 01 BE BE BE BE BE 48 49 03 33 18 35 F0 80 00 12 00 68 12 00 C3 01 00 00 00 00 10 10 02 00 0B 00 0A FB 16 AC 16 
10:02:50:615-<<<<-接收-68 7F 00 83 04 00 00 00 00 11 48 49 03 33 18 35 01 BE BE BE BE BE F0 80 00 62 00 68 62 00 83 00 00 00 00 00 10 10 02 00 5A 00 0A 37 74 59 00 01 03 00 10 38 74 59 00 01 03 00 10 39 74 59 00 01 03 00 10 40 74 59 00 01 03 00 10 41 74 59 00 01 03 00 10 42 74 59 00 01 03 00 10 47 77 59 00 01 03 00 10 99 80 59 00 01 03 00 10 39 11 60 00 01 03 00 10 44 11 60 00 01 03 00 10 F2 16 F9 16 
10:02:52:208->>>>-发送-68 2F 00 C3 05 00 00 00 00 13 01 BE BE BE BE BE 48 49 03 33 18 35 F0 80 00 12 00 68 12 00 C3 01 00 00 00 00 12 10 02 00 15 00 0A 07 16 C6 16 
10:02:53:066-<<<<-接收-68 7F 00 83 04 00 00 00 00 13 48 49 03 33 18 35 01 BE BE BE BE BE F0 80 00 62 00 68 62 00 83 00 00 00 00 00 12 10 02 00 5A 00 0A 47 11 60 00 01 03 00 10 49 11 60 00 01 03 00 10 28 14 60 00 01 03 00 10 50 15 60 00 01 03 00 10 98 15 60 00 01 03 00 10 73 46 60 00 01 03 00 10 15 50 60 00 01 03 00 10 16 50 60 00 01 03 00 10 19 50 60 00 01 03 00 10 24 50 60 00 01 03 00 10 F4 16 FF 16 
10:02:54:415->>>>-发送-68 2F 00 C3 05 00 00 00 00 15 01 BE BE BE BE BE 48 49 03 33 18 35 F0 80 00 12 00 68 12 00 C3 01 00 00 00 00 14 10 02 00 1F 00 0A 13 16 E0 16 
10:02:55:304-<<<<-接收-68 7F 00 83 04 00 00 00 00 15 48 49 03 33 18 35 01 BE BE BE BE BE F0 80 00 62 00 68 62 00 83 00 00 00 00 00 14 10 02 00 5A 00 0A 25 50 60 00 01 03 00 10 60 76 60 00 01 03 00 10 65 76 60 00 01 03 00 10 72 78 60 00 01 03 00 10 74 78 60 00 01 03 00 10 75 78 60 00 01 03 00 10 91 78 60 00 01 03 00 10 23 81 60 00 01 03 00 10 30 81 60 00 01 03 00 10 96 82 60 00 01 03 00 10 F4 16 01 16 
10:02:56:775->>>>-发送-68 2F 00 C3 05 00 00 00 00 17 01 BE BE BE BE BE 48 49 03 33 18 35 F0 80 00 12 00 68 12 00 C3 01 00 00 00 00 16 10 02 00 29 00 0A 1F 16 FA 16 
10:02:57:597-<<<<-接收-68 7F 00 83 04 00 00 00 00 17 48 49 03 33 18 35 01 BE BE BE BE BE F0 80 00 62 00 68 62 00 83 00 00 00 00 00 16 10 02 00 5A 00 0A 68 86 60 00 01 03 00 10 19 01 61 00 01 03 00 10 25 01 61 00 01 03 00 10 79 02 61 00 01 03 00 10 87 07 61 00 01 03 00 10 89 07 61 00 01 03 00 10 96 07 61 00 01 03 00 10 73 08 61 00 01 03 00 10 72 09 61 00 01 03 00 10 61 11 61 00 01 03 00 10 6C 16 F3 16 
10:02:58:891->>>>-发送-68 2F 00 C3 05 00 00 00 00 19 01 BE BE BE BE BE 48 49 03 33 18 35 F0 80 00 12 00 68 12 00 C3 01 00 00 00 00 18 10 02 00 33 00 0A 2B 16 14 16 
10:02:59:638-<<<<-接收-68 7F 00 83 04 00 00 00 00 19 48 49 03 33 18 35 01 BE BE BE BE BE F0 80 00 62 00 68 62 00 83 00 00 00 00 00 18 10 02 00 5A 00 0A 68 11 61 00 01 03 00 10 61 16 61 00 01 03 00 10 14 59 87 00 01 03 00 10 80 50 17 01 01 03 00 10 51 29 23 01 01 03 00 10 25 34 45 01 01 03 00 10 19 61 05 00 00 00 00 10 77 45 05 00 00 00 00 10 57 48 05 00 00 00 00 10 39 64 05 00 00 00 00 10 1A 16 51 16 
10:03:00:914->>>>-发送-68 2F 00 C3 05 00 00 00 00 1B 01 BE BE BE BE BE 48 49 03 33 18 35 F0 80 00 12 00 68 12 00 C3 01 00 00 00 00 1A 10 02 00 3D 00 0A 37 16 2E 16 
10:03:01:717-<<<<-接收-68 7F 00 83 04 00 00 00 00 1B 48 49 03 33 18 35 01 BE BE BE BE BE F0 80 00 62 00 68 62 00 83 F8 10 00 00 00 1A 10 02 00 5A 00 0A 62 38 05 00 00 00 00 10 98 49 05 00 00 00 00 10 64 38 05 00 00 00 00 10 68 45 05 00 00 00 00 10 23 84 05 00 00 00 00 10 73 42 05 00 00 00 00 10 11 35 05 00 00 00 00 10 81 31 05 00 00 00 00 10 93 76 05 00 00 00 00 10 75 27 05 00 00 00 00 10 AA 16 73 16 
10:03:02:680->>>>-发送-68 2F 00 C3 05 00 00 00 00 1D 01 BE BE BE BE BE 48 49 03 33 18 35 F0 80 00 12 00 68 12 00 C3 01 00 00 00 00 1C 10 02 00 47 00 0A 43 16 48 16 
10:03:03:481-<<<<-接收-68 7F 00 83 04 00 00 00 00 1D 48 49 03 33 18 35 01 BE BE BE BE BE F0 80 00 62 00 68 62 00 83 00 00 00 00 00 1C 10 02 00 5A 00 0A 76 27 05 00 00 00 00 10 03 76 05 00 00 00 00 10 07 76 05 00 00 00 00 10 42 64 05 00 00 00 00 10 95 32 05 00 00 00 00 10 10 76 05 00 00 00 00 10 51 21 05 00 00 00 00 10 71 27 05 00 00 00 00 10 42 18 72 04 00 00 00 10 88 21 72 04 00 00 00 10 5C 16 D9 16 
10:03:04:579->>>>-发送-68 2F 00 C3 05 00 00 00 00 1F 01 BE BE BE BE BE 48 49 03 33 18 35 F0 80 00 12 00 68 12 00 C3 01 00 00 00 00 1E 10 02 00 51 00 0A 4F 16 62 16 
10:03:05:509-<<<<-接收-68 7F 00 83 04 00 00 00 00 1F 48 49 03 33 18 35 01 BE BE BE BE BE F0 80 00 62 00 68 62 00 83 00 00 00 00 00 1E 10 02 00 5A 00 0A 69 78 71 04 00 00 00 10 16 23 06 00 00 00 00 10 85 23 06 00 00 00 00 10 77 17 06 00 00 00 00 10 10 39 06 00 00 00 00 10 55 33 06 00 00 00 00 10 88 23 06 00 00 00 00 10 03 14 06 00 00 00 00 10 39 16 06 00 00 00 00 10 42 81 05 00 00 00 00 10 56 16 CF 16 
