10:16:15:688->>>>-发送-68 00 3E 16 00 02 01 FF 00 38 80 3F 02 00 00 01 00 30 1C 28 00 CC 08 01 00 00 01 02 03 04 05 00 00 00 00 00 00 35 11 01 00 00 01 02 02 01 01 00 32 00 68 AA AA AA AA AA AA 68 11 04 33 33 34 33 AE 16 46 16 
18:08:17:195->>>>-发送-68 00 00 0C 00 16 
18:08:17:208-<<<<-接收-68 00 0B 8C 01 00 00 00 00 00 01 DE DA 44 00 FE 16 
18:08:18:961->>>>-发送-68 00 04 01 DE DA 44 00 FC 16 
18:08:18:973-<<<<-接收-68 00 01 81 00 00 16 
18:10:53:250->>>>-发送-68 00 00 0C 00 16 
18:10:53:283-<<<<-接收-68 00 0B 8C 01 00 00 00 00 00 01 95 35 07 00 D3 16 
18:10:54:690->>>>-发送-68 00 04 01 95 35 07 00 D1 16 
18:10:54:702-<<<<-接收-68 00 01 81 00 00 16 
18:11:10:174->>>>-发送-68 00 3E 16 0F FF 01 FF 00 38 80 3F FF 2F 00 01 00 30 1C 28 00 CC 08 01 00 00 01 02 03 04 05 00 00 00 00 00 00 35 11 01 00 00 01 02 02 01 01 00 32 00 68 AA AA AA AA AA AA 68 11 04 33 33 34 33 AE 16 7E 16 
18:11:10:189-<<<<-接收-68 00 01 96 00 00 16 
18:11:17:597->>>>-发送-68 00 3E 16 00 02 01 FF 00 38 80 3F 02 00 00 02 00 30 1C 28 00 CC 08 01 00 00 01 02 03 04 05 00 00 00 00 00 00 35 11 01 00 00 01 02 02 01 02 00 32 00 68 AA AA AA AA AA AA 68 11 04 33 33 34 33 AE 16 48 16 
18:11:17:629-<<<<-接收-68 00 01 96 00 00 16 
18:11:24:957->>>>-发送-68 00 3E 16 00 02 01 FF 00 38 80 3F 02 00 00 03 00 30 1C 28 00 CC 08 01 00 00 01 02 03 04 05 00 00 00 00 00 00 35 11 01 00 00 01 02 02 01 03 00 32 00 68 AA AA AA AA AA AA 68 11 04 33 33 34 33 AE 16 4A 16 
18:11:24:989-<<<<-接收-68 00 01 96 00 00 16 
18:11:41:367->>>>-发送-68 00 3E 16 00 01 01 FF 00 38 80 3F 01 00 00 04 00 30 1C 28 00 CC 08 01 00 00 01 02 03 04 05 00 00 00 00 00 00 01 11 01 00 00 01 02 02 01 04 00 32 00 68 AA AA AA AA AA AA 68 11 04 33 33 34 33 AE 16 16 16 
18:11:41:399-<<<<-接收-68 00 01 96 00 00 16 
18:12:08:742->>>>-发送-68 00 3E 16 00 01 01 FF 00 38 80 3F 01 00 00 05 00 30 1C 28 00 CC 08 01 00 00 01 02 03 04 05 00 00 00 00 00 00 01 11 01 00 00 01 02 02 01 05 00 32 00 68 AA AA AA AA AA AA 68 11 04 33 33 34 33 AE 16 18 16 
18:12:08:754-<<<<-接收-68 00 01 96 00 00 16 
18:12:16:422->>>>-发送-68 00 3E 16 00 01 01 FF 00 38 80 3F 01 00 00 06 00 30 1C 28 00 CC 08 01 00 00 01 02 03 04 05 00 00 00 00 00 00 01 11 01 00 00 01 02 02 01 06 00 32 00 68 AA AA AA AA AA AA 68 11 04 33 33 34 33 AE 16 1A 16 
18:12:16:434-<<<<-接收-68 00 01 96 00 00 16 
18:12:17:846->>>>-发送-68 00 3E 16 00 01 01 FF 00 38 80 3F 01 00 00 07 00 30 1C 28 00 CC 08 01 00 00 01 02 03 04 05 00 00 00 00 00 00 01 11 01 00 00 01 02 02 01 07 00 32 00 68 AA AA AA AA AA AA 68 11 04 33 33 34 33 AE 16 1C 16 
18:12:17:858-<<<<-接收-68 00 01 96 00 00 16 
18:12:18:990->>>>-发送-68 00 3E 16 00 01 01 FF 00 38 80 3F 01 00 00 08 00 30 1C 28 00 CC 08 01 00 00 01 02 03 04 05 00 00 00 00 00 00 01 11 01 00 00 01 02 02 01 08 00 32 00 68 AA AA AA AA AA AA 68 11 04 33 33 34 33 AE 16 1E 16 
18:12:19:019-<<<<-接收-16 
18:12:19:022-<<<<-接收-68 00 01 96 00 00 
18:12:20:598->>>>-发送-68 00 3E 16 00 01 01 FF 00 38 80 3F 01 00 00 09 00 30 1C 28 00 CC 08 01 00 00 01 02 03 04 05 00 00 00 00 00 00 01 11 01 00 00 01 02 02 01 09 00 32 00 68 AA AA AA AA AA AA 68 11 04 33 33 34 33 AE 16 20 16 
18:12:20:607-<<<<-接收-68 00 01 96 00 00 16 
18:12:21:518->>>>-发送-68 00 3E 16 00 01 01 FF 00 38 80 3F 01 00 00 0A 00 30 1C 28 00 CC 08 01 00 00 01 02 03 04 05 00 00 00 00 00 00 01 11 01 00 00 01 02 02 01 0A 00 32 00 68 AA AA AA AA AA AA 68 11 04 33 33 34 33 AE 16 22 16 
18:12:21:530-<<<<-接收-68 00 01 96 00 00 16 
18:13:18:517->>>>-发送-68 00 00 07 00 16 
18:13:18:560-<<<<-接收-68 00 1C 87 01 01 02 00 01 00 00 00 00 00 64 64 01 00 00 00 02 00 01 00 00 00 00 00 00 35 01 01 08 16 
18:13:34:318->>>>-发送-68 00 00 0C 00 16 
18:13:34:351-<<<<-接收-68 00 0B 8C 01 00 00 00 00 00 01 95 35 07 00 D3 16 
18:13:35:663->>>>-发送-68 00 04 01 95 35 07 00 D1 16 
18:13:35:674-<<<<-接收-68 00 01 81 00 00 16 
18:13:39:678->>>>-发送-68 00 00 07 00 16 
18:13:39:742-<<<<-接收-68 00 1C 87 01 01 02 00 01 00 00 00 00 00 64 64 01 00 00 00 02 00 01 00 00 00 00 00 00 35 01 01 08 16 
18:14:25:927->>>>-发送-68 00 00 0C 00 16 
18:14:25:959-<<<<-接收-68 00 0B 8C 01 00 00 00 00 00 01 95 35 07 00 D3 16 
18:14:27:230->>>>-发送-68 00 04 01 95 35 07 00 D1 16 
18:14:27:241-<<<<-接收-68 00 01 81 00 00 16 
18:14:35:152->>>>-发送-68 00 00 07 00 16 
18:14:35:280-<<<<-接收-68 00 1C 87 01 01 02 00 01 00 00 00 00 00 64 64 01 00 00 00 02 00 01 00 00 00 00 00 00 35 01 01 08 16 
18:15:31:760->>>>-发送-68 00 00 0C 00 16 
18:15:31:792-<<<<-接收-68 00 0B 8C 01 00 00 00 00 00 01 95 35 07 00 D3 16 
18:15:32:886->>>>-发送-68 00 04 01 95 35 07 00 D1 16 
18:15:32:899-<<<<-接收-68 00 01 81 00 00 16 
18:15:43:368->>>>-发送-68 00 00 07 00 16 
18:15:43:704-<<<<-接收-68 00 1C 87 01 01 02 00 01 00 00 00 00 00 64 64 01 00 00 00 02 00 01 00 00 00 00 00 00 35 01 01 08 16 
18:16:37:738->>>>-发送-68 00 00 07 00 16 
18:16:38:022-<<<<-接收-68 00 1C 87 01 01 02 00 01 00 00 00 00 00 64 64 01 00 00 00 02 00 01 00 00 00 00 00 00 35 01 01 08 16 
18:27:14:343->>>>-发送-68 00 00 0C 00 16 
18:27:14:365-<<<<-接收-68 00 0B 8C 01 00 00 00 00 00 01 95 35 07 00 D3 16 
18:27:15:804->>>>-发送-68 00 04 01 95 35 07 00 D1 16 
18:27:15:816-<<<<-接收-68 00 01 81 00 00 16 
18:28:47:416->>>>-发送-68 00 00 07 00 16 
18:28:48:184-<<<<-接收-68 00 1C 87 01 00 00 02 01 00 00 00 55 00 00 00 00 66 02 01 02 00 01 00 22 22 22 22 22 12 04 02 87 16 
18:28:48:408-<<<<-接收-68 00 28 87 02 00 00 03 03 00 01 00 55 33 33 33 33 66 04 02 04 00 01 00 22 44 44 44 44 12 04 02 05 00 01 00 22 55 55 55 55 12 04 02 79 16 
18:28:48:572-<<<<-接收-68 00 10 87 04 01 00 01 06 00 04 00 55 66 66 66 66 66 04 03 6A 16 
18:30:55:392->>>>-发送-68 00 00 07 00 16 
18:30:57:980-<<<<-接收-68 00 1C 87 01 00 00 02 01 00 00 00 55 00 00 00 00 66 02 01 02 00 01 00 22 22 22 22 22 12 04 02 87 16 
18:30:58:184-<<<<-接收-68 00 28 87 02 00 00 03 03 00 01 00 55 33 33 33 33 66 04 02 04 00 01 00 22 44 44 44 44 12 04 02 05 00 01 00 22 55 55 55 55 12 04 02 79 16 
18:30:58:378-<<<<-接收-68 00 10 87 04 01 00 01 06 00 04 00 55 66 66 66 66 66 04 03 6A 16 
18:32:04:326->>>>-发送-68 00 00 07 00 16 
18:32:06:905-<<<<-接收-68 00 1C 87 01 00 00 02 01 00 00 00 55 00 00 00 00 66 02 01 02 00 01 00 22 22 22 22 22 12 04 02 87 16 
18:32:07:134-<<<<-接收-68 00 28 87 02 00 00 03 03 00 01 00 55 33 33 33 33 66 04 02 04 00 01 00 22 44 44 44 44 12 04 02 05 00 01 00 22 55 55 55 55 12 04 02 79 16 
18:32:07:314-<<<<-接收-68 00 10 87 04 01 00 01 06 00 04 00 55 66 66 66 66 66 04 03 6A 16 
18:32:35:836->>>>-发送-68 00 00 07 00 16 
18:32:37:439-<<<<-接收-68 00 1C 87 01 00 00 02 01 00 00 00 55 00 00 00 00 66 02 01 02 00 01 00 22 22 22 22 22 12 04 02 87 16 
18:32:37:669-<<<<-接收-68 00 28 87 02 00 00 03 03 00 01 00 55 33 33 33 33 66 04 02 04 00 01 00 22 44 44 44 44 12 04 02 05 00 01 00 22 55 55 55 55 12 04 02 79 16 
18:32:37:849-<<<<-接收-68 00 10 87 04 01 00 01 06 00 04 00 55 66 66 66 66 66 04 03 6A 16 
18:36:11:397->>>>-发送-68 00 00 07 00 16 
18:36:13:139-<<<<-接收-68 00 1C 87 01 00 00 02 01 00 00 00 55 00 00 00 00 66 02 01 02 00 01 00 22 22 22 22 22 12 04 02 87 16 
18:36:13:358-<<<<-接收-68 00 28 87 02 00 00 03 03 00 01 00 55 33 33 33 33 66 04 02 04 00 01 00 22 44 44 44 44 12 04 02 05 00 01 00 22 55 55 55 55 12 04 02 79 16 
18:36:13:541-<<<<-接收-68 00 10 87 04 01 00 01 06 00 04 00 55 66 66 66 66 66 04 03 6A 16 
18:38:13:425->>>>-发送-68 00 00 07 00 16 
18:38:16:001-<<<<-接收-68 00 1C 87 01 00 00 02 01 00 00 00 55 00 00 00 00 66 02 01 02 00 01 00 22 22 22 22 22 12 04 02 87 16 
18:38:16:215-<<<<-接收-68 00 28 87 02 00 00 03 03 00 01 00 55 33 33 33 33 66 04 02 04 00 01 00 22 44 44 44 44 12 04 02 05 00 01 00 22 55 55 55 55 12 04 02 79 16 
18:38:16:396-<<<<-接收-68 00 10 87 04 01 00 01 06 00 04 00 55 66 66 66 66 66 04 03 6A 16 
18:44:51:864->>>>-发送-68 00 00 07 00 16 
18:44:53:551-<<<<-接收-68 00 1C 87 01 00 00 02 01 00 00 00 55 00 00 00 00 66 02 01 02 00 01 00 22 22 22 22 22 12 04 02 87 16 
18:44:53:773-<<<<-接收-68 00 28 87 02 00 00 03 03 00 01 00 55 33 33 33 33 66 04 02 04 00 01 00 22 44 44 44 44 12 04 02 05 00 01 00 22 55 55 55 55 12 04 02 79 16 
18:44:53:962-<<<<-接收-68 00 10 87 04 01 00 01 06 00 04 00 55 66 66 66 66 66 04 03 6A 16 
18:45:15:385->>>>-发送-68 00 00 0C 00 16 
18:45:15:417-<<<<-接收-68 00 0B 8C 01 00 00 00 00 00 01 95 35 07 00 D3 16 
18:45:16:600->>>>-发送-68 00 04 01 95 35 07 00 D1 16 
18:45:16:612-<<<<-接收-68 00 01 81 00 00 16 
18:45:20:323->>>>-发送-68 00 00 07 00 16 
18:45:20:430-<<<<-接收-68 00 1C 87 01 01 02 00 01 00 00 00 00 00 64 64 01 00 00 00 02 00 01 00 00 00 00 00 00 35 01 01 08 16 
18:46:17:416->>>>-发送-68 00 00 07 00 16 
18:46:19:344-<<<<-接收-68 00 1C 87 01 00 00 02 01 00 00 00 55 00 00 00 00 66 02 01 02 00 01 00 22 22 22 22 22 12 04 02 87 16 
18:46:19:558-<<<<-接收-68 00 28 87 02 00 00 03 03 00 01 00 55 33 33 33 33 66 04 02 04 00 01 00 22 44 44 44 44 12 04 02 05 00 01 00 22 55 55 55 55 12 04 02 79 16 
18:46:19:742-<<<<-接收-68 00 10 87 04 01 00 01 06 00 04 00 55 66 66 66 66 66 04 03 6A 16 
18:46:47:104->>>>-发送-68 00 00 07 00 16 
18:46:47:345-<<<<-接收-68 00 1C 87 01 01 02 00 01 00 00 00 00 00 64 64 01 00 00 00 02 00 01 00 00 00 00 00 00 35 01 01 08 16 
18:53:32:832->>>>-发送-68 00 00 0C 00 16 
18:53:32:844-<<<<-接收-68 00 0B 8C 01 00 00 00 00 00 01 95 35 07 00 D3 16 
18:53:33:876->>>>-发送-68 00 04 01 95 35 07 00 D1 16 
18:53:33:888-<<<<-接收-68 00 01 81 00 00 16 
18:53:35:501->>>>-发送-68 00 00 07 00 16 
18:53:35:658-<<<<-接收-68 00 1C 87 01 01 02 00 01 00 00 00 00 00 64 64 01 00 00 00 02 00 01 00 00 00 00 00 00 35 01 01 08 16 
18:53:40:486->>>>-发送-68 00 00 07 00 16 
18:53:40:685-<<<<-接收-68 00 1C 87 01 01 02 00 01 00 00 00 00 00 64 64 01 00 00 00 02 00 01 00 00 00 00 00 00 35 01 01 08 16 
18:53:46:112->>>>-发送-68 00 00 07 00 16 
18:53:46:324-<<<<-接收-68 00 1C 87 01 01 02 00 01 00 00 00 00 00 64 64 01 00 00 00 02 00 01 00 00 00 00 00 00 35 01 01 08 16 
18:54:09:183->>>>-发送-68 00 00 0C 00 16 
18:54:09:195-<<<<-接收-68 00 0B 8C 01 00 00 00 00 00 01 95 35 07 00 D3 16 
18:54:10:398->>>>-发送-68 00 04 01 95 35 07 00 D1 16 
18:54:10:410-<<<<-接收-68 00 01 81 00 00 16 
18:54:12:068->>>>-发送-68 00 00 07 00 16 
18:54:12:304-<<<<-接收-68 00 1C 87 01 01 02 00 01 00 00 00 00 00 64 64 01 00 00 00 02 00 01 00 00 00 00 00 00 35 01 01 08 16 
18:54:26:818->>>>-发送-68 00 00 07 00 16 
18:54:28:631-<<<<-接收-68 00 1C 87 01 00 00 02 01 00 00 00 55 00 00 00 00 66 02 01 02 00 01 00 22 22 22 22 22 12 04 02 87 16 
18:54:28:837-<<<<-接收-68 00 28 87 02 00 00 03 03 00 01 00 55 33 33 33 33 66 04 02 04 00 01 00 22 44 44 44 44 12 04 02 05 00 01 00 22 55 55 55 55 12 04 02 79 16 
18:54:29:024-<<<<-接收-68 00 10 87 04 01 00 01 06 00 04 00 55 66 66 66 66 66 04 03 6A 16 
18:55:22:336->>>>-发送-68 00 00 0C 00 16 
18:55:22:368-<<<<-接收-68 00 0B 8C 01 00 00 00 00 00 01 95 35 07 00 D3 16 
18:55:23:573->>>>-发送-68 00 04 01 95 35 07 00 D1 16 
18:55:23:585-<<<<-接收-68 00 01 81 00 00 16 
18:55:26:478->>>>-发送-68 00 00 07 00 16 
18:55:26:541-<<<<-接收-68 00 1C 87 01 01 02 00 01 00 00 00 00 00 64 64 01 00 00 00 02 00 01 00 00 00 00 00 00 35 01 01 08 16 
19:04:23:962->>>>-发送-68 00 00 0C 00 16 
19:04:23:994-<<<<-接收-68 00 15 8C 02 00 00 00 00 00 01 95 35 07 00 11 11 11 11 11 11 0B 0A 7B 00 CA 16 
19:04:25:938->>>>-发送-68 00 04 01 95 35 07 00 D1 16 
19:04:25:950-<<<<-接收-68 00 01 81 00 00 16 
19:04:28:053->>>>-发送-68 00 00 07 00 16 
19:04:28:182-<<<<-接收-68 00 1C 87 01 01 02 00 01 00 00 00 00 00 64 64 01 00 00 00 02 00 01 00 00 00 00 00 00 35 01 01 08 16 
19:04:33:619->>>>-发送-68 00 00 07 00 16 
19:04:33:812-<<<<-接收-68 00 1C 87 01 01 02 00 01 00 00 00 00 00 64 64 01 00 00 00 02 00 01 00 00 00 00 00 00 35 01 01 08 16 
19:04:47:132->>>>-发送-68 00 00 0C 00 16 
19:04:47:164-<<<<-接收-68 00 15 8C 02 00 00 00 00 00 01 95 35 07 00 11 11 11 11 11 11 0B 0A 7B 00 CA 16 
19:04:48:730->>>>-发送-68 00 04 01 95 35 07 00 D1 16 
19:04:48:742-<<<<-接收-68 00 01 81 00 00 16 
19:04:50:430->>>>-发送-68 00 00 07 00 16 
19:04:50:601-<<<<-接收-68 00 1C 87 01 01 02 00 01 00 00 00 00 00 64 64 01 00 00 00 02 00 01 00 00 00 00 00 00 35 01 01 08 16 
19:06:38:076->>>>-发送-68 00 00 0C 00 16 
19:06:38:108-<<<<-接收-68 00 1F 8C 03 00 00 00 00 00 01 95 35 07 00 11 11 11 11 11 11 0B 0A 7B 00 00 00 00 02 37 02 F9 F5 0B 00 FF 16 
19:06:39:594->>>>-发送-68 00 04 01 95 35 07 00 D1 16 
19:06:39:605-<<<<-接收-68 00 01 81 00 00 16 
19:06:41:263->>>>-发送-68 00 00 07 00 16 
19:06:41:328-<<<<-接收-68 00 1C 87 01 01 02 00 01 00 00 00 00 00 64 64 01 00 00 00 02 00 01 00 00 00 00 00 00 35 01 01 08 16 
19:07:41:419->>>>-发送-68 00 00 0C 00 16 
19:07:41:451-<<<<-接收-68 00 1F 8C 03 00 00 00 00 00 01 95 35 07 00 11 11 11 11 11 11 0B 0A 7B 00 00 00 00 02 37 02 F9 F5 0B 00 FF 16 
19:07:42:792->>>>-发送-68 00 04 01 95 35 07 00 D1 16 
19:07:42:804-<<<<-接收-68 00 01 81 00 00 16 
19:07:44:353->>>>-发送-68 00 00 07 00 16 
19:07:44:395-<<<<-接收-68 00 1C 87 01 01 02 00 01 00 00 00 00 00 64 64 01 00 00 00 02 00 01 00 00 00 00 00 00 35 01 01 08 16 
22:31:04:968->>>>-发送-68 00 00 0C 00 16 
22:33:00:269->>>>-发送-68 00 00 07 00 16 
22:33:01:285->>>>-发送-68 00 00 07 00 16 
22:33:01:877->>>>-发送-68 00 00 07 00 16 
22:33:02:125->>>>-发送-68 00 00 07 00 16 
22:33:02:373->>>>-发送-68 00 00 07 00 16 
22:33:02:605->>>>-发送-68 00 00 07 00 16 
22:33:02:861->>>>-发送-68 00 00 07 00 16 
22:33:03:093->>>>-发送-68 00 00 07 00 16 
22:33:03:321->>>>-发送-68 00 00 07 00 16 
22:33:56:799->>>>-发送-68 00 00 07 00 16 
23:05:19:187->>>>-发送-68 00 00 07 00 16 
23:05:21:104-<<<<-接收-68 00 1C 87 01 00 00 02 01 00 00 00 55 00 00 00 00 66 02 01 02 00 01 00 22 22 22 22 22 12 04 02 87 16 
23:05:21:312-<<<<-接收-68 00 28 87 02 00 00 03 03 00 01 00 55 33 33 33 33 66 04 02 04 00 01 00 22 44 44 44 44 12 04 02 05 00 01 00 22 55 55 55 55 12 04 02 79 16 
23:05:21:510-<<<<-接收-68 00 10 87 04 01 00 01 06 00 04 00 55 66 66 66 66 66 04 03 6A 16 
23:05:34:844->>>>-发送-68 00 3E 16 00 01 01 FF 00 38 80 3F 01 00 00 01 00 30 1C 28 00 CC 08 01 00 00 01 02 03 04 05 00 66 00 00 00 00 55 11 01 00 00 01 02 02 01 01 00 32 00 68 AA AA AA AA AA AA 68 11 04 33 33 34 33 AE 16 CA 16 
23:05:43:442->>>>-发送-68 00 3E 16 00 02 01 FF 00 38 80 3F 02 00 00 02 00 30 1C 28 00 CC 08 01 00 00 01 02 03 04 05 00 12 22 22 22 22 22 11 01 00 00 01 02 02 01 02 00 32 00 68 AA AA AA AA AA AA 68 11 04 33 33 34 33 AE 16 CF 16 
23:05:44:954->>>>-发送-68 00 00 07 00 16 
23:05:48:827-<<<<-接收-00 
02 01 02 00 01 00 22 22 22 22 22 12 04 02 
23:05:48:846-<<<<-接收-68 00 1C 87 01 00 00 02 01 00 00 00 55 00 00 87 16 
23:05:49:054-<<<<-接收-68 00 28 87 02 00 00 03 03 00 01 00 55 33 33 33 33 66 04 02 04 00 01 00 22 44 44 44 44 12 04 02 05 00 01 00 22 55 55 55 55 12 04 02 79 16 
23:06:03:683->>>>-发送-68 00 00 07 00 16 
23:06:05:373-<<<<-接收-68 00 1C 87 01 00 00 02 01 00 00 00 55 00 00 00 00 66 02 01 02 00 01 00 22 22 22 22 22 12 04 02 87 16 
23:06:05:582-<<<<-接收-68 00 28 87 02 00 00 03 03 00 01 00 55 33 33 33 33 66 04 02 04 00 01 00 22 44 44 44 44 12 04 02 05 00 01 00 22 55 55 55 55 12 04 02 79 16 
23:06:05:783-<<<<-接收-68 00 10 87 04 01 00 01 06 00 04 00 55 66 66 66 66 66 04 03 6A 16 
23:06:12:632->>>>-发送-68 00 00 07 00 16 
23:06:14:288->>>>-发送-68 00 00 07 00 16 
23:06:16:121->>>>-发送-68 00 00 07 00 16 
