15:24:55:070->>>>-发送-68 2E 00 60 00 00 00 00 00 CC CC CC CC CC CC CC 02 01 01 02 02 E8 01 00 81 50 00 10 68 AA AA AA AA AA AA 68 11 04 35 37 33 37 B7 16 4A 16 
15:26:25:867->>>>-发送-68 2E 00 60 00 00 B0 04 00 CC CC CC CC CC CC CC 02 00 01 02 02 E8 01 00 81 50 00 10 68 AA AA AA AA AA AA 68 11 04 35 37 33 37 B7 16 FD 16 
15:27:21:559->>>>-发送-68 2E 00 60 00 00 B0 04 00 CC CC CC CC CC CC CC 02 00 01 02 02 E8 01 00 81 50 00 10 68 AA AA AA AA AA AA 68 11 04 35 37 33 37 B7 16 FD 16 
15:30:01:835->>>>-发送-68 20 00 43 01 00 00 00 00 00 02 01 00 02 00 00 0D FE 68 AA AA AA AA AA AA 68 13 00 DF 16 28 16 
15:31:44:473->>>>-发送-68 2C 00 43 04 00 00 B0 04 00 22 22 22 22 22 22 00 00 00 00 03 85 02 01 00 02 00 00 0D FE 68 AA AA AA AA AA AA 68 13 00 DF 16 33 16 
16:16:02:606->>>>-发送-68 2E 00 60 22 22 22 22 22 85 03 00 00 00 00 CC 02 22 01 02 02 E8 01 00 81 50 00 10 68 AA AA AA AA AA AA 68 11 04 35 37 33 37 B7 16 D5 16 
16:17:03:959->>>>-发送-68 2E 00 60 22 22 22 22 22 85 03 00 00 00 00 CC 02 22 01 02 02 E8 01 00 81 50 00 10 68 AA AA AA AA AA AA 68 11 04 35 37 33 37 B7 16 D5 16 
16:18:55:341->>>>-发送-68 2C 00 43 04 00 00 B0 04 00 22 22 22 22 22 22 85 03 00 00 00 00 02 01 00 02 00 00 0D FE 68 AA AA AA AA AA AA 68 13 00 DF 16 33 16 
16:20:55:575->>>>-发送-68 0C 00 40 01 01 01 01 02 E8 2E 16 
16:28:08:855->>>>-发送-68 2E 00 60 22 22 22 22 22 22 85 03 00 00 00 00 02 22 01 02 02 E8 01 00 81 50 00 10 68 AA AA AA AA AA AA 68 11 04 35 37 33 37 B7 16 2B 16 
16:28:20:870->>>>-发送-68 2E 00 60 22 22 22 22 22 22 85 03 00 00 00 00 02 22 01 02 02 E8 01 00 81 50 00 10 68 AA AA AA AA AA AA 68 11 04 35 37 33 37 B7 16 2B 16 
16:28:53:836->>>>-发送-68 12 00 40 04 22 01 04 02 E8 22 22 22 22 22 22 21 16 
16:29:05:918->>>>-发送-68 12 00 40 04 22 01 04 02 E8 22 22 22 22 22 22 21 16 
16:42:11:070->>>>-发送-68 2E 00 60 22 22 22 22 22 22 85 03 00 00 00 00 02 22 01 02 02 E8 01 00 81 50 00 10 68 AA AA AA AA AA AA 68 11 04 35 37 33 37 B7 16 2B 16 
16:42:22:511->>>>-发送-68 2E 00 60 22 22 22 22 22 22 85 03 00 00 00 00 02 22 01 02 02 E8 01 00 81 50 00 10 68 AA AA AA AA AA AA 68 11 04 35 37 33 37 B7 16 2B 16 
16:42:38:083->>>>-发送-68 2E 00 60 22 22 22 22 22 22 85 03 00 00 00 00 02 22 01 02 02 E8 01 00 81 50 00 10 68 AA AA AA AA AA AA 68 11 04 35 37 33 37 B7 16 2B 16 
16:42:54:402->>>>-发送-68 2E 00 60 22 22 22 22 22 22 85 03 00 00 00 00 02 22 01 02 02 E8 01 00 81 50 00 10 68 AA AA AA AA AA AA 68 11 04 35 37 33 37 B7 16 2B 16 
16:43:14:810->>>>-发送-68 0C 00 40 01 22 01 01 02 E8 4F 16 
16:43:25:505->>>>-发送-68 2E 00 60 22 22 22 22 22 22 85 03 00 00 00 00 02 22 01 02 02 E8 01 00 81 50 00 10 68 AA AA AA AA AA AA 68 11 04 35 37 33 37 B7 16 2B 16 
16:47:28:823->>>>-发送-68 0C 00 40 01 00 01 01 02 E8 2D 16 
16:47:44:422->>>>-发送-68 0C 00 40 01 00 01 01 02 E8 2D 16 
16:49:28:153->>>>-发送-68 0C 00 40 01 00 01 01 02 E8 2D 16 
16:49:39:502->>>>-发送-68 0C 00 40 01 01 01 01 02 E8 2E 16 
16:49:52:398->>>>-发送-68 0C 00 40 01 02 01 01 02 E8 2F 16 
16:50:09:334->>>>-发送-68 0C 00 40 01 03 01 01 02 E8 30 16 
