20:15:27:680->>>>-发送-68 2F 00 C3 05 00 00 00 00 20 01 BE BE BE BE BE 17 00 00 00 00 00 F0 80 00 12 00 68 12 00 43 01 00 00 00 00 00 F0 80 03 00 00 00 B7 16 36 16 
20:15:27:935-<<<<-接收-68 2D 00 83 04 00 00 00 00 20 17 00 00 00 00 00 01 BE BE BE BE BE F0 80 00 10 00 68 10 00 83 F8 F0 00 00 00 00 00 02 00 13 80 16 83 16 
20:37:48:511->>>>-发送-68 0F 00 C3 01 00 00 00 00 00 F0 20 03 D7 16 
20:37:50:629-<<<<-接收-68 17 00 C3 00 00 00 00 00 14 F0 04 03 01 17 00 00 00 00 00 01 E7 16 
20:37:51:822->>>>-发送-68 10 00 C3 01 00 00 00 00 01 F0 80 03 01 39 16 
20:37:51:918-<<<<-接收-68 15 00 83 00 00 00 00 06 01 00 01 00 00 00 00 00 00 00 8B 16 
20:37:54:817->>>>-发送-68 2F 00 C3 05 00 00 00 00 02 01 BE BE BE BE BE 17 00 00 00 00 00 F0 80 00 12 00 68 12 00 43 01 00 00 00 00 00 F0 80 03 00 00 00 B7 16 18 16 
20:37:55:155-<<<<-接收-68 2D 00 83 04 00 00 00 00 02 17 00 00 00 00 00 01 BE BE BE BE BE F0 80 00 10 00 68 10 00 83 F8 F0 00 00 00 00 00 02 00 13 80 16 65 16 
20:37:59:154->>>>-发送-68 2F 00 C3 05 00 00 00 00 03 01 BE BE BE BE BE 17 00 00 00 00 00 F0 80 00 12 00 68 12 00 43 01 00 00 00 00 00 F0 80 03 00 00 00 B7 16 19 16 
20:37:59:491-<<<<-接收-68 2D 00 83 04 00 00 00 00 03 17 00 00 00 00 00 01 BE BE BE BE BE F0 80 00 10 00 68 10 00 83 F8 F0 00 00 00 00 00 02 00 13 80 16 66 16 
20:40:28:314->>>>-发送-68 0F 00 C3 01 00 00 00 00 00 F0 20 03 D7 16 
20:40:30:407-<<<<-接收-68 17 00 C3 00 00 00 00 00 16 F0 04 03 01 17 00 00 00 00 00 01 E9 16 
20:40:31:663->>>>-发送-68 10 00 C3 01 00 00 00 00 01 F0 80 03 01 39 16 
20:40:31:767-<<<<-接收-68 15 00 83 00 00 00 00 06 01 00 01 00 00 00 00 00 00 00 8B 16 
20:40:40:622->>>>-发送-68 2F 00 C3 05 00 00 00 00 02 01 BE BE BE BE BE 17 00 00 00 00 00 F0 80 00 12 00 68 12 00 43 01 00 00 00 00 00 F0 80 03 00 00 00 B7 16 18 16 
20:40:40:969-<<<<-接收-68 2D 00 83 04 00 00 00 00 02 17 00 00 00 00 00 01 BE BE BE BE BE F0 80 00 10 00 68 10 00 83 F8 F0 00 00 00 00 00 02 00 13 80 16 65 16 
20:41:57:932->>>>-发送-68 2F 00 C3 05 00 00 00 00 03 01 BE BE BE BE BE 17 00 00 00 00 00 F0 80 00 12 00 68 12 00 43 01 00 00 00 00 00 F0 80 03 00 00 00 B7 16 19 16 
20:41:58:238-<<<<-接收-68 2D 00 83 04 00 00 00 00 03 17 00 00 00 00 00 01 BE BE BE BE BE F0 80 00 10 00 68 10 00 83 F8 F0 00 00 00 00 00 02 00 13 80 16 66 16 
20:42:55:241->>>>-发送-68 0F 00 C3 01 00 00 00 00 00 F0 20 03 D7 16 
20:42:57:353-<<<<-接收-68 17 00 C3 00 00 00 00 00 18 F0 04 03 01 17 00 00 00 00 00 01 EB 16 
20:42:58:488->>>>-发送-68 10 00 C3 01 00 00 00 00 01 F0 80 03 01 39 16 
20:42:58:594-<<<<-接收-68 15 00 83 00 00 00 00 06 01 00 01 00 00 00 00 00 00 00 8B 16 
20:43:31:813->>>>-发送-68 0F 00 C3 01 00 00 00 00 00 F0 20 03 D7 16 
20:43:33:988-<<<<-接收-68 17 00 C3 00 00 00 00 00 1A F0 04 03 01 17 00 00 00 00 00 01 ED 16 
20:43:35:167->>>>-发送-68 10 00 C3 01 00 00 00 00 01 F0 80 03 01 39 16 
20:43:35:252-<<<<-接收-68 15 00 83 00 00 00 00 06 01 00 01 00 00 00 00 00 00 00 8B 16 
20:43:44:915->>>>-发送-68 2C 00 C3 05 00 00 00 00 02 01 BE BE BE BE BE 17 00 00 00 00 00 F0 80 00 0F 00 68 0F 00 43 01 00 00 00 00 00 10 01 00 55 16 4E 16 
20:43:45:236-<<<<-接收-68 30 00 83 04 00 00 00 00 02 17 00 00 00 00 00 01 BE BE BE BE BE F0 80 00 13 00 68 13 00 83 00 00 00 00 00 00 10 01 00 1A 00 F8 07 AD 16 C5 16 
20:43:45:249->>>>-发送-68 2F 00 C3 05 00 00 00 00 03 01 BE BE BE BE BE 17 00 00 00 00 00 F0 80 00 12 00 68 12 00 43 01 00 00 00 00 00 F0 80 03 01 00 01 B9 16 1D 16 
20:43:45:559-<<<<-接收-68 2D 00 83 04 00 00 00 00 03 17 00 00 00 00 00 01 BE BE BE BE BE F0 80 00 10 00 68 10 00 83 F8 F0 00 00 00 00 00 02 00 0C 79 16 58 16 
20:43:45:578->>>>-发送-68 2F 00 C3 05 00 00 00 00 04 01 BE BE BE BE BE 17 00 00 00 00 00 F0 80 00 12 00 68 12 00 43 01 00 00 00 00 00 F0 80 03 02 00 01 BA 16 20 16 
20:43:45:929-<<<<-接收-68 2D 00 83 04 00 00 00 00 04 17 00 00 00 00 00 01 BE BE BE BE BE F0 80 00 10 00 68 10 00 83 
20:43:45:965->>>>-发送-68 2F 00 C3 05 00 00 00 00 05 01 BE BE BE BE BE 17 00 00 00 00 00 F0 80 00 12 00 68 12 00 43 01 00 00 00 00 00 F0 80 03 03 00 01 BB 16 23 16 
20:43:46:271-<<<<-接收-68 2D 00 83 04 00 00 00 00 05 17 00 00 00 00 00 01 BE BE BE BE BE F0 80 00 10 00 68 10 00 83 00 20 00 00 06 00 00 02 00 0C B7 16 D6 16 
20:43:46:286->>>>-发送-68 2F 00 C3 05 00 00 00 00 06 01 BE BE BE BE BE 17 00 00 00 00 00 F0 80 00 12 00 68 12 00 43 01 00 00 00 00 00 F0 80 03 04 00 01 BC 16 26 16 
20:43:46:604-<<<<-接收-68 2D 00 83 04 00 00 00 00 06 17 00 00 00 00 00 01 BE BE BE BE BE F0 80 00 10 00 68 10 00 83 00 20 00 00 06 00 00 02 00 0C B7 16 D7 16 
20:43:46:674->>>>-发送-68 2F 00 C3 05 00 00 00 00 07 01 BE BE BE BE BE 17 00 00 00 00 00 F0 80 00 12 00 68 12 00 43 01 00 00 00 00 00 F0 80 03 05 00 01 BD 16 29 16 
20:43:46:979-<<<<-接收-68 2D 00 83 04 00 00 00 00 07 17 00 00 00 00 00 01 BE BE BE BE BE F0 80 00 10 00 68 10 00 83 00 20 00 00 06 00 00 02 00 0C B7 16 D8 16 
20:43:47:008->>>>-发送-68 2F 00 C3 05 00 00 00 00 08 01 BE BE BE BE BE 17 00 00 00 00 00 F0 80 00 12 00 68 12 00 43 01 00 00 00 00 00 F0 80 03 06 00 01 BE 16 2C 16 
20:43:47:341-<<<<-接收-68 2D 00 83 04 00 00 00 00 08 17 00 00 00 00 00 01 BE BE BE BE BE F0 80 00 10 00 68 10 00 83 00 20 00 00 06 00 00 02 00 0C B7 16 D9 16 
20:43:47:366->>>>-发送-68 2F 00 C3 05 00 00 00 00 09 01 BE BE BE BE BE 17 00 00 00 00 00 F0 80 00 12 00 68 12 00 43 01 00 00 00 00 00 F0 80 03 07 00 01 BF 16 2F 16 
20:43:47:678-<<<<-接收-68 2D 00 83 04 00 00 00 FE 09 17 00 00 00 00 00 01 BE BE BE BE BE F0 80 00 10 00 68 10 00 83 00 20 00 00 06 00 00 02 00 0C B7 16 D8 16 
20:43:47:695->>>>-发送-68 2F 00 C3 05 00 00 00 00 0A 01 BE BE BE BE BE 17 00 00 00 00 00 F0 80 00 12 00 68 12 00 43 01 00 00 00 00 00 F0 80 03 08 00 01 C0 16 32 16 
20:43:48:003-<<<<-接收-68 2D 00 83 04 00 00 00 00 0A 17 00 00 00 00 00 01 BE BE BE BE BE F0 80 00 10 00 68 10 00 83 00 20 00 00 06 00 00 02 00 0C B7 16 DB 16 
20:43:48:053->>>>-发送-68 2F 00 C3 05 00 00 00 00 0B 01 BE BE BE BE BE 17 00 00 00 00 00 F0 80 00 12 00 68 12 00 43 01 00 00 00 00 00 F0 80 03 09 00 01 C1 16 35 16 
20:43:48:351-<<<<-接收-68 2D 00 83 04 00 00 00 00 0B 17 00 00 00 00 00 01 BE BE BE BE BE F0 80 00 10 00 68 10 00 83 00 20 00 00 06 00 00 02 00 0C B7 16 DC 16 
20:43:48:378->>>>-发送-68 2F 00 C3 05 00 00 00 00 0C 01 BE BE BE BE BE 17 00 00 00 00 00 F0 80 00 12 00 68 12 00 43 01 00 00 00 00 00 F0 80 03 0A 00 01 C2 16 38 16 
20:43:49:063-<<<<-接收-68 2D 00 83 04 00 00 00 00 0C 17 00 00 00 00 00 01 BE BE BE BE BE F0 80 00 10 00 68 10 00 83 00 20 00 00 06 00 00 02 00 0C B7 16 DD 16 
20:43:49:111->>>>-发送-68 2F 00 C3 05 00 00 00 00 0D 01 BE BE BE BE BE 17 00 00 00 00 00 F0 80 00 12 00 68 12 00 43 01 00 00 00 00 00 F0 80 03 0B 00 01 C3 16 3B 16 
20:43:49:519-<<<<-接收-68 2D 00 83 04 00 00 00 00 0D 17 00 00 00 00 00 01 BE BE BE BE BE F0 80 00 10 00 68 10 00 83 00 20 00 00 06 00 00 02 00 0C B7 16 DE 16 
20:43:49:540->>>>-发送-68 2F 00 C3 05 00 00 00 00 0E 01 BE BE BE BE BE 17 00 00 00 00 00 F0 80 00 12 00 68 12 00 43 01 00 00 00 00 00 F0 80 03 0C 00 01 C4 16 3E 16 
20:43:49:807-<<<<-接收-68 2D 00 83 04 00 00 00 00 0E 17 00 00 00 00 00 01 BE BE BE BE BE F0 80 00 10 00 68 10 00 83 00 20 00 00 06 00 00 02 00 0C B7 16 DF 16 
20:43:49:840->>>>-发送-68 2F 00 C3 05 00 00 00 00 0F 01 BE BE BE BE BE 17 00 00 00 00 00 F0 80 00 12 00 68 12 00 43 01 00 00 00 00 00 F0 80 03 0D 00 01 C5 16 41 16 
20:43:50:176-<<<<-接收-68 2D 00 83 04 00 00 00 00 0F 17 00 00 00 00 00 01 BE BE BE BE BE F0 80 00 10 00 68 10 00 83 00 20 00 00 06 00 00 02 00 0C B7 16 E0 16 
20:43:50:217->>>>-发送-68 2F 00 C3 05 00 00 00 00 10 01 BE BE BE BE BE 17 00 00 00 00 00 F0 80 00 12 00 68 12 00 43 01 00 00 00 00 00 F0 80 03 0E 00 01 C6 16 44 16 
20:43:50:604-<<<<-接收-68 2D 00 83 04 00 00 00 00 10 17 00 00 00 00 00 01 BE BE BE BE BE F0 80 00 10 00 68 10 00 83 00 20 00 00 06 00 00 02 00 0C B7 16 E1 16 
20:43:50:635->>>>-发送-68 2F 00 C3 05 00 00 00 00 11 01 BE BE BE BE BE 17 00 00 00 00 00 F0 80 00 12 00 68 12 00 43 01 00 00 00 00 00 F0 80 03 0F 00 01 C7 16 47 16 
20:43:50:907-<<<<-接收-68 2D 00 83 04 00 00 00 00 11 17 00 00 00 00 00 01 BE BE BE BE BE F0 80 00 10 00 68 10 00 83 00 20 00 00 06 00 00 02 00 0C B7 16 E2 16 
20:43:50:944->>>>-发送-68 2F 00 C3 05 00 00 00 00 12 01 BE BE BE BE BE 17 00 00 00 00 00 F0 80 00 12 00 68 12 00 43 01 00 00 00 00 00 F0 80 03 10 00 01 C8 16 4A 16 
20:43:51:293-<<<<-接收-68 2D 00 83 04 00 00 00 00 12 17 00 00 00 00 00 01 BE BE BE BE BE F0 80 00 10 00 68 10 00 83 00 20 00 00 06 00 00 02 00 0C B7 16 E3 16 
20:43:51:324->>>>-发送-68 2F 00 C3 05 00 00 00 00 13 01 BE BE BE BE BE 17 00 00 00 00 00 F0 80 00 12 00 68 12 00 43 01 00 00 00 00 00 F0 80 03 11 00 01 C9 16 4D 16 
20:43:51:596-<<<<-接收-68 2D 00 83 04 00 00 00 00 13 17 00 00 00 00 00 01 BE BE BE BE BE F0 80 00 10 00 68 10 00 83 00 20 00 00 06 00 00 02 00 0C B7 16 E4 16 
20:43:51:618->>>>-发送-68 2F 00 C3 05 00 00 00 00 14 01 BE BE BE BE BE 17 00 00 00 00 00 F0 80 00 12 00 68 12 00 43 01 00 00 00 00 00 F0 80 03 12 00 01 CA 16 50 16 
20:43:51:873-<<<<-接收-68 2D 00 83 04 00 00 00 00 14 17 00 00 00 00 00 01 BE BE BE BE BE F0 80 00 10 00 68 10 00 83 00 20 00 00 06 00 00 02 00 0C B7 16 E5 16 
20:43:51:907->>>>-发送-68 2F 00 C3 05 00 00 00 00 15 01 BE BE BE BE BE 17 00 00 00 00 00 F0 80 00 12 00 68 12 00 43 01 00 00 00 00 00 F0 80 03 13 00 01 CB 16 53 16 
20:43:52:723-<<<<-接收-68 2D 00 83 04 00 00 00 00 15 17 00 00 00 00 00 01 BE BE BE BE BE F0 80 00 10 00 68 10 00 83 00 20 00 00 06 00 00 02 00 0C B7 16 E6 16 
20:43:52:754->>>>-发送-68 2F 00 C3 05 00 00 00 00 16 01 BE BE BE BE BE 17 00 00 00 00 00 F0 80 00 12 00 68 12 00 43 01 00 00 00 00 00 F0 80 03 14 00 01 CC 16 56 16 
20:43:53:245-<<<<-接收-68 2D 00 83 04 00 00 00 00 16 17 00 00 00 00 00 01 BE BE BE BE BE F0 80 00 10 00 68 10 00 83 00 20 00 00 06 00 00 02 00 0C B7 16 E7 16 
20:43:53:267->>>>-发送-68 2F 00 C3 05 00 00 00 00 17 01 BE BE BE BE BE 17 00 00 00 00 00 F0 80 00 12 00 68 12 00 43 01 00 00 00 00 00 F0 80 03 15 00 01 CD 16 59 16 
20:44:04:114->>>>-发送-68 2F 00 C3 05 00 00 00 00 18 01 BE BE BE BE BE 17 00 00 00 00 00 F0 80 00 12 00 68 12 00 43 01 00 00 00 00 00 F0 80 03 16 00 01 CE 16 5C 16 
20:44:06:454-<<<<-接收-68 1D 00 83 04 00 00 00 00 17 17 00 00 00 00 00 01 BE BE BE BE BE F0 80 00 00 00 DC 16 
20:44:06:484->>>>-发送-68 2F 00 C3 05 00 00 00 00 19 01 BE BE BE BE BE 17 00 00 00 00 00 F0 80 00 12 00 68 12 00 43 01 00 00 00 00 00 F0 80 03 17 00 01 CF 16 5F 16 
20:44:06:648-<<<<-接收-68 2D 00 83 04 00 00 00 00 18 17 00 00 00 00 00 01 BE BE BE BE BE F0 80 00 10 00 68 10 00 83 00 00 00 00 00 00 00 02 00 01 86 16 87 16 
20:44:06:679->>>>-发送-68 2F 00 C3 05 00 00 00 00 1A 01 BE BE BE BE BE 17 00 00 00 00 00 F0 80 00 12 00 68 12 00 43 01 00 00 00 00 00 F0 80 03 18 00 01 D0 16 62 16 
20:44:06:799-<<<<-接收-68 10 00 83 00 00 00 00 32 00 00 02 00 13 CA 16 
20:44:06:838->>>>-发送-68 2F 00 C3 05 00 00 00 00 1B 01 BE BE BE BE BE 17 00 00 00 00 00 F0 80 00 12 00 68 12 00 43 01 00 00 00 00 00 F0 80 03 19 00 01 D1 16 65 16 
20:44:17:569-<<<<-接收-68 2D 00 83 04 00 00 00 00 1B 17 00 00 00 00 00 01 BE BE BE BE BE F0 80 00 10 00 68 10 00 83 00 00 00 00 00 00 00 02 00 01 86 16 8A 16 
20:44:17:597->>>>-发送-68 2F 00 C3 05 00 00 00 00 1C 01 BE BE BE BE BE 17 00 00 00 00 00 F0 80 00 12 00 68 12 00 43 01 00 00 00 00 00 F0 80 03 1A 00 01 D2 16 68 16 
20:44:18:006-<<<<-接收-68 2D 00 83 04 00 00 00 00 1C 17 00 00 00 00 00 01 BE BE BE BE BE F0 80 00 10 00 68 10 00 83 00 00 00 00 D2 00 00 02 00 0C 63 16 45 16 
20:45:03:847->>>>-发送-68 2C 00 C3 05 00 00 00 00 1D 01 BE BE BE BE BE 17 00 00 00 00 00 F0 80 00 0F 00 68 0F 00 43 01 00 00 00 00 00 10 01 00 55 16 69 16 
20:45:04:518-<<<<-接收-68 30 00 83 04 00 00 00 00 1D 17 00 00 00 00 00 01 BE BE BE BE BE F0 80 00 13 00 68 13 00 83 00 00 00 00 00 00 10 01 00 1A 00 F8 07 AD 16 E0 16 
20:45:04:569->>>>-发送-68 2F 00 C3 05 00 00 00 00 1E 01 BE BE BE BE BE 17 00 00 00 00 00 F0 80 00 12 00 68 12 00 43 01 00 00 00 00 00 F0 80 03 01 00 01 B9 16 38 16 
20:45:04:871-<<<<-接收-68 2D 00 83 04 00 00 00 
20:45:04:924->>>>-发送-68 2F 00 C3 05 00 00 00 00 1F 01 BE BE BE BE BE 17 00 00 00 00 00 F0 80 00 12 00 68 12 00 43 01 00 00 00 00 00 F0 80 03 02 00 01 BA 16 3B 16 
20:45:05:275-<<<<-接收-68 2D 00 83 04 00 00 00 00 1F 17 00 00 00 00 00 01 BE BE BE BE BE F0 80 00 10 00 68 10 00 83 00 20 00 00 06 00 00 02 00 0C B7 16 F0 16 
20:45:05:298->>>>-发送-68 2F 00 C3 05 00 00 00 00 20 01 BE BE BE BE BE 17 00 00 00 00 00 F0 80 00 12 00 68 12 00 43 01 00 00 00 00 00 F0 80 03 03 00 01 BB 16 3E 16 
20:45:05:586-<<<<-接收-68 2D 00 83 04 00 00 00 00 20 17 00 00 00 00 00 01 BE BE BE BE BE F0 80 00 10 00 68 10 00 83 00 20 00 00 06 00 00 02 00 0C B7 16 F1 16 
20:45:05:608->>>>-发送-68 2F 00 C3 05 00 00 00 00 21 01 BE BE BE BE BE 17 00 00 00 00 00 F0 80 00 12 00 68 12 00 43 01 00 00 00 00 00 F0 80 03 04 00 01 BC 16 41 16 
20:45:06:021-<<<<-接收-68 2D 00 83 04 00 00 00 00 21 17 00 00 00 00 00 01 BE BE BE BE BE F0 80 00 10 00 68 10 00 83 00 20 00 00 06 00 00 02 00 0C B7 16 F2 16 
20:45:06:045->>>>-发送-68 2F 00 C3 05 00 00 00 00 22 01 BE BE BE BE BE 17 00 00 00 00 00 F0 80 00 12 00 68 12 00 43 01 00 00 00 00 00 F0 80 03 05 00 01 BD 16 44 16 
20:45:06:383-<<<<-接收-68 2D 00 83 04 00 00 00 00 22 17 00 00 00 00 00 01 BE BE BE BE BE F0 80 00 10 00 68 10 00 83 00 20 00 00 06 00 00 02 00 0C B7 16 F3 16 
20:45:06:446->>>>-发送-68 2F 00 C3 05 00 00 00 00 23 01 BE BE BE BE BE 17 00 00 00 00 00 F0 80 00 12 00 68 12 00 43 01 00 00 00 00 00 F0 80 03 06 00 01 BE 16 47 16 
20:45:07:308-<<<<-接收-68 2D 00 83 04 00 00 00 00 23 17 00 00 00 00 00 01 BE BE BE BE BE F0 80 00 10 00 68 10 00 83 00 20 00 00 06 00 00 02 00 0C B7 16 F4 16 
20:45:07:334->>>>-发送-68 2F 00 C3 05 00 00 00 00 24 01 BE BE BE BE BE 17 00 00 00 00 00 F0 80 00 12 00 68 12 00 43 01 00 00 00 00 00 F0 80 03 07 00 01 BF 16 4A 16 
20:45:07:633-<<<<-接收-68 2D 00 83 04 00 00 00 00 24 17 00 00 00 00 00 01 BE BE BE BE BE F0 80 00 10 00 68 10 00 83 00 20 00 00 06 00 00 02 00 0C B7 16 F5 16 
20:45:07:656->>>>-发送-68 2F 00 C3 05 00 00 00 00 25 01 BE BE BE BE BE 17 00 00 00 00 00 F0 80 00 12 00 68 12 00 43 01 00 00 00 00 00 F0 80 03 08 00 01 C0 16 4D 16 
20:45:08:013-<<<<-接收-68 2D 00 83 04 00 00 00 00 25 17 00 00 00 00 00 01 BE BE BE BE BE F0 80 00 10 00 68 10 00 83 00 20 00 00 06 00 00 02 00 0C B7 16 F6 16 
20:45:08:069->>>>-发送-68 2F 00 C3 05 00 00 00 00 26 01 BE BE BE BE BE 17 00 00 00 00 00 F0 80 00 12 00 68 12 00 43 01 00 00 00 00 00 F0 80 03 09 00 01 C1 16 50 16 
20:45:08:389-<<<<-接收-68 2D 00 83 04 00 00 00 00 26 17 00 00 00 00 00 01 BE BE BE BE BE F0 80 00 10 00 68 10 00 83 00 20 00 00 06 00 00 02 00 0C B7 16 F7 16 
20:45:08:417->>>>-发送-68 2F 00 C3 05 00 00 00 00 27 01 BE BE BE BE BE 17 00 00 00 00 00 F0 80 00 12 00 68 12 00 43 01 00 00 00 00 00 F0 80 03 0A 00 01 C2 16 53 16 
20:45:08:727-<<<<-接收-68 2D 00 83 04 00 00 00 00 27 17 00 00 00 00 00 01 BE BE BE BE BE F0 80 00 10 00 68 10 00 83 00 20 00 00 06 00 00 02 00 0C B7 16 F8 16 
20:45:08:765->>>>-发送-68 2F 00 C3 05 00 00 00 00 28 01 BE BE BE BE BE 17 00 00 00 00 00 F0 80 00 12 00 68 12 00 43 01 00 00 00 00 00 F0 80 03 0B 00 01 C3 16 56 16 
20:45:09:183-<<<<-接收-68 2D 00 83 04 00 00 00 00 28 17 00 00 00 00 00 01 BE BE BE BE BE F0 80 00 10 00 68 10 00 83 00 20 00 00 06 00 00 02 00 0C B7 16 F9 16 
20:45:09:217->>>>-发送-68 2F 00 C3 05 00 00 00 00 29 01 BE BE BE BE BE 17 00 00 00 00 00 F0 80 00 12 00 68 12 00 43 01 00 00 00 00 00 F0 80 03 0C 00 01 C4 16 59 16 
20:45:09:544-<<<<-接收-68 2D 00 83 04 00 00 00 00 29 17 00 00 00 00 00 01 BE BE BE BE BE F0 80 00 10 00 68 10 00 83 00 20 00 00 06 00 00 02 00 0C B7 16 FA 16 
20:45:09:581->>>>-发送-68 2F 00 C3 05 00 00 00 00 2A 01 BE BE BE BE BE 17 00 00 00 00 00 F0 80 00 12 00 68 12 00 43 01 00 00 00 00 00 F0 80 03 0D 00 01 C5 16 5C 16 
20:45:09:961-<<<<-接收-68 2D 00 83 04 00 00 00 00 2A 17 00 00 00 00 00 01 BE BE BE BE BE F0 80 00 10 00 68 10 00 83 00 20 00 00 06 00 00 02 00 0C B7 16 FB 16 
20:45:10:009->>>>-发送-68 2F 00 C3 05 00 00 00 00 2B 01 BE BE BE BE BE 17 00 00 00 00 00 F0 80 00 12 00 68 12 00 43 01 00 00 00 00 00 F0 80 03 0E 00 01 C6 16 5F 16 
20:45:10:305-<<<<-接收-68 2D 00 83 04 00 00 00 00 2B 17 00 00 00 00 00 01 BE BE BE BE BE F0 80 00 10 00 68 10 00 83 00 20 00 00 06 00 00 02 00 0C B7 16 FC 16 
20:45:10:355->>>>-发送-68 2F 00 C3 05 00 00 00 00 2C 01 BE BE BE BE BE 17 00 00 00 00 00 F0 80 00 12 00 68 12 00 43 01 00 00 00 00 00 F0 80 03 0F 00 01 C7 16 62 16 
20:45:10:690-<<<<-接收-68 2D 00 83 04 00 00 00 00 2C 17 00 00 00 00 00 01 BE BE BE BE BE F0 80 00 10 00 68 10 00 83 00 20 00 00 06 00 00 02 00 0C B7 16 FD 16 
20:45:10:713->>>>-发送-68 2F 00 C3 05 00 00 00 00 2D 01 BE BE BE BE BE 17 00 00 00 00 00 F0 80 00 12 00 68 12 00 43 01 00 00 00 00 00 F0 80 03 10 00 01 C8 16 65 16 
20:45:11:104-<<<<-接收-68 2D 00 83 04 00 00 00 00 2D 17 00 00 00 00 00 01 BE BE BE BE BE F0 80 00 10 00 68 10 00 83 00 20 00 00 06 00 00 02 00 0C B7 16 FE 16 
20:45:11:130->>>>-发送-68 2F 00 C3 05 00 00 00 00 2E 01 BE BE BE BE BE 17 00 00 00 00 00 F0 80 00 12 00 68 12 00 43 01 00 00 00 00 00 F0 80 03 11 00 01 C9 16 68 16 
20:45:11:469-<<<<-接收-68 2D 00 83 04 00 00 00 00 2E 17 00 00 00 00 00 01 BE BE BE BE BE F0 80 00 10 00 68 10 00 83 00 00 00 00 00 00 00 02 00 0C 91 16 B3 16 
20:45:11:503->>>>-发送-68 2F 00 C3 05 00 00 00 00 2F 01 BE BE BE BE BE 17 00 00 00 00 00 F0 80 00 12 00 68 12 00 43 01 00 00 00 00 00 F0 80 03 12 00 01 CA 16 6B 16 
20:45:11:788-<<<<-接收-68 2D 00 83 04 00 00 00 00 2F 17 00 00 00 00 00 01 BE BE BE BE BE F0 80 00 10 00 68 10 00 83 00 20 00 00 06 00 00 02 00 0C B7 16 00 16 
20:45:11:815->>>>-发送-68 2F 00 C3 05 00 00 00 00 30 01 BE BE BE BE BE 17 00 00 00 00 00 F0 80 00 12 00 68 12 00 43 01 00 00 00 00 00 F0 80 03 13 00 01 CB 16 6E 16 
20:45:12:244-<<<<-接收-68 2D 00 83 04 00 00 00 00 30 17 00 00 00 00 00 01 BE BE BE BE BE F0 80 00 10 00 68 10 00 83 00 20 00 00 06 00 00 02 00 0C B7 16 01 16 
20:45:12:337->>>>-发送-68 2F 00 C3 05 00 00 00 00 31 01 BE BE BE BE BE 17 00 00 00 00 00 F0 80 00 12 00 68 12 00 43 01 00 00 00 00 00 F0 80 03 14 00 01 CC 16 71 16 
20:45:12:655-<<<<-接收-68 2D 00 83 04 00 00 00 00 31 17 00 00 00 00 00 01 BE BE BE BE BE F0 80 00 10 00 68 10 00 83 00 20 00 00 06 00 00 02 00 0C B7 16 02 16 
20:45:12:684->>>>-发送-68 2F 00 C3 05 00 00 00 00 32 01 BE BE BE BE BE 17 00 00 00 00 00 F0 80 00 12 00 68 12 00 43 01 00 00 00 00 00 F0 80 03 15 00 01 CD 16 74 16 
20:45:23:629->>>>-发送-68 2F 00 C3 05 00 00 00 00 33 01 BE BE BE BE BE 17 00 00 00 00 00 F0 80 00 12 00 68 12 00 43 01 00 00 00 00 00 F0 80 03 16 00 01 CE 16 77 16 
20:45:25:934-<<<<-接收-68 1D 00 83 04 00 00 00 00 32 17 00 00 00 00 00 01 BE 
20:45:26:019->>>>-发送-68 2F 00 C3 05 00 00 00 00 34 01 BE BE BE BE BE 17 00 00 00 00 00 F0 80 00 12 00 68 12 00 43 01 00 00 00 00 00 F0 80 03 17 00 01 CF 16 7A 16 
20:45:26:032-<<<<-接收-80 00 00 00 F7 16 68 2D 00 83 04 00 00 00 00 33 17 00 00 00 00 00 01 BE BE BE BE BE F0 80 00 10 00 68 10 00 83 00 00 00 00 00 00 00 02 00 01 86 16 A2 16 
20:45:26:046->>>>-发送-68 2F 00 C3 05 00 00 00 00 35 01 BE BE BE BE BE 17 00 00 00 00 00 F0 80 00 12 00 68 12 00 43 01 00 00 00 00 00 F0 80 03 18 00 01 D0 16 7D 16 
20:45:36:885->>>>-发送-68 2F 00 C3 05 00 00 00 00 36 01 BE BE BE BE BE 17 00 00 00 00 00 F0 80 00 12 00 68 12 00 43 01 00 00 00 00 00 F0 80 03 19 00 01 D1 16 80 16 
20:45:36:957-<<<<-接收-68 2D 00 83 04 00 00 00 00 35 17 00 00 00 00 00 01 BE BE BE BE BE F0 80 00 10 00 68 10 00 83 00 00 00 00 00 00 00 02 00 01 86 16 A4 16 
20:45:36:986->>>>-发送-68 2F 00 C3 05 00 00 00 00 37 01 BE BE BE BE BE 17 00 00 00 00 00 F0 80 00 12 00 68 12 00 43 01 00 00 00 00 00 F0 80 03 1A 00 01 D2 16 83 16 
20:45:37:233-<<<<-接收-68 2D 00 83 04 00 00 00 00 37 17 00 00 00 00 00 01 BE BE BE BE BE F0 80 00 10 00 68 10 00 83 00 00 00 00 00 00 00 02 00 0C 91 16 BC 16 
20:46:26:480->>>>-发送-68 2C 00 C3 05 00 00 00 00 38 01 BE BE BE BE BE 17 00 00 00 00 00 F0 80 00 0F 00 68 0F 00 43 01 00 00 00 00 00 10 01 00 55 16 84 16 
20:47:07:369->>>>-发送-68 2C 00 C3 05 00 00 00 00 39 01 BE BE BE BE BE 17 00 00 00 00 00 F0 80 00 0F 00 68 0F 00 43 01 00 00 00 00 00 10 01 00 55 16 85 16 
20:47:07:613-<<<<-接收-68 30 00 83 04 00 00 00 00 39 17 00 00 00 00 00 01 BE BE BE BE BE F0 80 00 13 00 68 13 00 83 00 00 00 00 00 00 10 01 00 1A 00 F8 07 AD 16 FC 16 
20:47:07:671->>>>-发送-68 2F 00 C3 05 00 00 00 00 3A 01 BE BE BE BE BE 17 00 00 00 00 00 F0 80 00 12 00 68 12 00 43 01 00 00 00 00 00 F0 01 13 01 00 01 4A 16 76 16 
20:47:07:979-<<<<-接收-68 2D 00 83 04 00 00 00 00 3A 17 00 00 00 00 00 01 BE BE BE BE BE F0 80 00 10 00 68 10 00 83 00 00 00 00 00 00 00 02 00 0C 91 16 BF 16 
20:47:08:030->>>>-发送-68 2F 00 C3 05 00 00 00 00 3B 01 BE BE BE BE BE 17 00 00 00 00 00 F0 80 00 12 00 68 12 00 43 01 00 00 00 00 00 F0 01 13 02 00 01 4B 16 79 16 
20:47:08:332-<<<<-接收-68 2D 00 83 04 00 00 00 00 3B 17 00 00 00 00 00 01 BE BE BE BE BE F0 80 00 10 00 68 10 00 83 00 20 00 00 06 00 00 02 00 0C B7 16 0C 16 
20:47:08:352->>>>-发送-68 2F 00 C3 05 00 00 00 00 3C 01 BE BE BE BE BE 17 00 00 00 00 00 F0 80 00 12 00 68 12 00 43 01 00 00 00 00 00 F0 01 13 03 00 01 4C 16 7C 16 
20:47:08:648-<<<<-接收-68 2D 00 83 04 00 00 00 00 3C 17 00 00 00 00 00 01 BE BE BE BE BE F0 80 00 10 00 68 10 00 83 00 20 00 00 06 00 00 02 00 0C B7 16 0D 16 
20:47:08:668->>>>-发送-68 2F 00 C3 05 00 00 00 00 3D 01 BE BE BE BE BE 17 00 00 00 00 00 F0 80 00 12 00 68 12 00 43 01 00 00 00 00 00 F0 01 13 04 00 01 4D 16 7F 16 
20:47:08:923-<<<<-接收-68 2D 00 83 04 00 00 00 00 3D 17 00 00 00 00 00 01 BE BE BE BE BE F0 80 00 10 00 68 10 00 83 00 20 00 00 06 00 00 02 00 0C B7 16 0E 16 
20:47:08:984->>>>-发送-68 2F 00 C3 05 00 00 00 00 3E 01 BE BE BE BE BE 17 00 00 00 00 00 F0 80 00 12 00 68 12 00 43 01 00 00 00 00 00 F0 01 13 05 00 01 4E 16 82 16 
20:47:09:306-<<<<-接收-68 2D 00 83 04 00 00 00 00 3E 17 00 00 00 00 00 01 BE BE BE BE BE F0 80 00 10 00 68 10 00 83 00 20 00 00 06 00 00 02 00 0C B7 16 0F 16 
20:47:09:370->>>>-发送-68 2F 00 C3 05 00 00 00 00 3F 01 BE BE BE BE BE 17 00 00 00 00 00 F0 80 00 12 00 68 12 00 43 01 00 00 00 00 00 F0 01 13 06 00 01 4F 16 85 16 
20:47:09:659-<<<<-接收-68 2D 00 83 04 00 00 00 00 3F 17 00 00 00 00 00 01 BE BE BE BE BE F0 80 00 10 00 68 10 00 83 00 20 00 00 06 00 00 02 00 0C B7 16 10 16 
20:47:09:719->>>>-发送-68 2F 00 C3 05 00 00 00 00 40 01 BE BE BE BE BE 17 00 00 00 00 00 F0 80 00 12 00 68 12 00 43 01 00 00 00 00 00 F0 01 13 07 00 01 50 16 88 16 
20:47:10:029-<<<<-接收-68 2D 00 83 04 00 00 00 00 40 17 00 00 00 00 00 01 BE BE BE BE BE F0 80 00 10 00 68 10 00 83 00 20 00 00 06 00 00 02 00 0C B7 16 11 16 
20:47:10:053->>>>-发送-68 2F 00 C3 05 00 00 00 00 41 01 BE BE BE BE BE 17 00 00 00 00 00 F0 80 00 12 00 68 12 00 43 01 00 00 00 00 00 F0 01 13 08 00 01 51 16 8B 16 
20:47:10:438-<<<<-接收-68 2D 00 83 04 00 00 00 00 41 17 00 00 00 00 00 01 BE BE BE BE BE F0 80 00 10 00 68 10 00 83 00 20 00 00 06 00 00 02 00 0C B7 16 12 16 
20:47:10:498->>>>-发送-68 2F 00 C3 05 00 00 00 00 42 01 BE BE BE BE BE 17 00 00 00 00 00 F0 80 00 12 00 68 12 00 43 01 00 00 00 00 00 F0 01 13 09 00 01 52 16 8E 16 
20:47:10:872-<<<<-接收-68 2D 00 83 04 00 00 00 00 42 17 00 00 00 00 00 01 BE BE BE BE BE F0 80 00 10 00 68 10 00 83 00 20 00 00 06 00 00 02 00 0C B7 16 13 16 
20:47:10:936->>>>-发送-68 2F 00 C3 05 00 00 00 00 43 01 BE BE BE BE BE 17 00 00 00 00 00 F0 80 00 12 00 68 12 00 43 01 00 00 00 00 00 F0 01 13 0A 00 01 53 16 91 16 
20:47:11:299-<<<<-接收-68 2D 00 83 04 00 00 00 00 43 17 00 00 00 00 00 01 BE BE BE BE BE F0 80 00 10 00 68 10 00 83 00 20 00 00 06 00 00 02 00 0C B7 16 14 16 
20:47:11:318->>>>-发送-68 2F 00 C3 05 00 00 00 00 44 01 BE BE BE BE BE 17 00 00 00 00 00 F0 80 00 12 00 68 12 00 43 01 00 00 00 00 00 F0 01 13 0B 00 01 54 16 94 16 
20:47:11:861-<<<<-接收-68 2D 00 83 04 00 00 00 00 44 17 00 00 00 00 00 01 BE BE BE BE BE F0 80 00 10 00 68 10 00 83 00 20 00 00 06 00 00 02 00 0C B7 16 15 16 
20:47:11:962->>>>-发送-68 2F 00 C3 05 00 00 00 00 45 01 BE BE BE BE BE 17 00 00 00 00 00 F0 80 00 12 00 68 12 00 43 01 00 00 00 00 00 F0 01 13 0C 00 01 55 16 97 16 
20:47:22:779->>>>-发送-68 2F 00 C3 05 00 00 00 00 46 01 BE BE BE BE BE 17 00 00 00 00 00 F0 80 00 12 00 68 12 00 43 01 00 00 00 00 00 F0 01 13 0D 00 01 56 16 9A 16 
20:47:43:310->>>>-发送-68 2C 00 C3 05 00 00 00 00 47 01 BE BE BE BE BE 17 00 00 00 00 00 F0 80 00 0F 00 68 0F 00 43 01 00 00 00 00 00 10 01 00 55 16 93 16 
20:47:49:688->>>>-发送-68 10 00 C3 01 00 00 00 00 48 F0 80 03 00 7F 16 
20:48:00:753->>>>-发送-68 0F 00 C3 01 00 00 00 00 49 F0 20 03 20 16 
20:48:02:930-<<<<-接收-68 17 00 C3 00 00 00 00 00 1D F0 04 03 01 17 00 00 00 00 00 01 F0 16 
20:48:04:999->>>>-发送-68 10 00 C3 01 00 00 00 00 4A F0 80 03 01 82 16 
20:48:05:104-<<<<-接收-68 15 00 83 00 00 00 00 06 4A 00 01 00 00 00 00 00 00 00 D4 16 
20:48:08:712->>>>-发送-68 2C 00 C3 05 00 00 00 00 4B 01 BE BE BE BE BE 17 00 00 00 00 00 F0 80 00 0F 00 68 0F 00 43 01 00 00 00 00 00 10 01 00 55 16 97 16 
20:48:08:977-<<<<-接收-68 30 00 83 04 00 00 00 FE 4B 17 00 00 00 00 00 01 BE BE BE BE BE F0 80 00 13 00 68 13 00 83 00 00 00 00 00 00 10 01 00 1A 00 F8 07 AD 16 0C 16 
20:48:09:042->>>>-发送-68 2F 00 C3 05 00 00 00 00 4C 01 BE BE BE BE BE 17 00 00 00 00 00 F0 80 00 12 00 68 12 00 43 01 00 00 00 00 00 F0 01 13 01 00 01 4A 16 88 16 
20:48:09:322-<<<<-接收-68 2D 00 83 04 00 00 00 00 4C 17 00 00 00 00 00 01 BE BE BE BE BE F0 80 00 10 00 68 10 00 83 F8 F0 00 00 00 00 00 02 00 0C 79 16 A1 16 
20:48:09:377->>>>-发送-68 2F 00 C3 05 00 00 00 00 4D 01 BE BE BE BE BE 17 00 00 00 00 00 F0 80 00 12 00 68 12 00 43 01 00 00 00 00 00 F0 01 13 02 00 01 4B 16 8B 16 
20:48:09:709-<<<<-接收-68 2D 00 83 04 00 00 00 00 4D 17 00 00 00 00 00 01 BE BE BE BE BE F0 80 00 10 00 68 10 00 83 00 20 00 00 06 00 00 02 00 0C B7 16 1E 16 
20:48:09:728->>>>-发送-68 2F 00 C3 05 00 00 00 00 4E 01 BE BE BE BE BE 17 00 00 00 00 00 F0 80 00 12 00 68 12 00 43 01 00 00 00 00 00 F0 01 13 03 00 01 4C 16 8E 16 
20:48:10:087-<<<<-接收-68 2D 00 83 04 00 00 00 00 4E 17 00 00 00 00 00 01 BE BE BE BE BE F0 80 00 10 00 68 10 00 83 00 20 00 00 06 00 00 02 00 0C B7 16 1F 16 
20:48:10:140->>>>-发送-68 2F 00 C3 05 00 00 00 00 4F 01 BE BE BE BE BE 17 00 00 00 00 00 F0 80 00 12 00 68 12 00 43 01 00 00 00 00 00 F0 01 13 04 00 01 4D 16 91 16 
20:48:10:418-<<<<-接收-68 2D 00 83 04 00 00 00 00 4F 17 00 00 00 00 00 01 BE BE BE BE BE F0 80 00 10 00 68 10 00 83 00 20 00 00 06 00 00 02 00 0C B7 16 20 16 
20:48:10:454->>>>-发送-68 2F 00 C3 05 00 00 00 00 50 01 BE BE BE BE BE 17 00 00 00 00 00 F0 80 00 12 00 68 12 00 43 01 00 00 00 00 00 F0 01 13 05 00 01 4E 16 94 16 
20:48:10:801-<<<<-接收-68 2D 00 83 04 00 00 00 00 50 17 00 00 00 00 00 01 BE BE BE BE BE F0 80 00 10 00 68 10 00 83 00 20 00 00 06 00 00 02 00 0C B7 16 21 16 
20:48:10:835->>>>-发送-68 2F 00 C3 05 00 00 00 00 51 01 BE BE BE BE BE 17 00 00 00 00 00 F0 80 00 12 00 68 12 00 43 01 00 00 00 00 00 F0 01 13 06 00 01 4F 16 97 16 
20:48:11:238-<<<<-接收-68 2D 00 83 04 00 00 00 00 51 17 00 00 00 00 00 01 BE BE BE BE BE F0 80 00 10 00 68 10 00 83 00 20 00 00 06 00 00 02 00 0C B7 16 22 16 
20:48:11:261->>>>-发送-68 2F 00 C3 05 00 00 00 00 52 01 BE BE BE BE BE 17 00 00 00 00 00 F0 80 00 12 00 68 12 00 43 01 00 00 00 00 00 F0 01 13 07 00 01 50 16 9A 16 
20:48:11:689-<<<<-接收-68 2D 00 83 04 00 00 00 00 52 17 00 00 00 00 00 01 BE BE BE BE BE F0 80 00 10 00 68 10 00 83 00 20 00 00 06 00 00 02 00 0C B7 16 23 16 
20:48:11:717->>>>-发送-68 2F 00 C3 05 00 00 00 00 53 01 BE BE BE BE BE 17 00 00 00 00 00 F0 80 00 12 00 68 12 00 43 01 00 00 00 00 00 F0 01 13 08 00 01 51 16 9D 16 
20:48:12:072-<<<<-接收-68 2D 00 83 04 00 00 00 00 53 17 00 00 00 00 00 01 BE BE BE BE BE F0 80 00 10 00 68 10 00 83 00 20 00 00 06 00 00 02 00 0C B7 16 24 16 
20:48:12:103->>>>-发送-68 2F 00 C3 05 00 00 00 00 54 01 BE BE BE BE BE 17 00 00 00 00 00 F0 80 00 12 00 68 12 00 43 01 00 00 00 00 00 F0 01 13 09 00 01 52 16 A0 16 
20:48:12:382-<<<<-接收-68 2D 00 83 04 00 00 00 00 54 17 00 00 00 00 00 01 BE BE BE BE BE F0 80 00 10 00 68 10 00 83 00 20 00 00 06 00 00 02 00 0C B7 16 25 16 
20:48:12:407->>>>-发送-68 2F 00 C3 05 00 00 00 00 55 01 BE BE BE BE BE 17 00 00 00 00 00 F0 80 00 12 00 68 12 00 43 01 00 00 00 00 00 F0 01 13 0A 00 01 53 16 A3 16 
20:48:12:813-<<<<-接收-68 2D 00 83 04 00 00 00 00 55 17 00 00 00 00 00 01 BE BE BE BE BE F0 80 00 10 00 68 10 00 83 00 00 00 00 00 00 00 02 00 0C 91 16 DA 16 
20:48:12:841->>>>-发送-68 2F 00 C3 05 00 00 00 00 56 01 BE BE BE BE BE 17 00 00 00 00 00 F0 80 00 12 00 68 12 00 43 01 00 00 00 00 00 F0 01 13 0B 00 01 54 16 A6 16 
20:48:13:097-<<<<-接收-68 2D 00 83 04 00 00 00 00 56 17 00 00 00 00 00 01 BE BE BE BE BE F0 80 00 10 00 68 10 00 83 F8 F0 00 00 00 00 00 02 00 0C 79 16 AB 16 
20:48:13:135->>>>-发送-68 2F 00 C3 05 00 00 00 00 57 01 BE BE BE BE BE 17 00 00 00 00 00 F0 80 00 12 00 68 12 00 43 01 00 00 00 00 00 F0 01 13 0C 00 01 55 16 A9 16 
20:48:13:542-<<<<-接收-68 2D 00 83 04 00 00 00 00 57 17 00 00 00 00 00 01 BE BE BE BE BE F0 80 00 10 00 68 10 00 83 00 20 00 00 06 00 00 02 00 0C B7 16 28 16 
20:48:13:652->>>>-发送-68 2F 00 C3 05 00 00 00 00 58 01 BE BE BE BE BE 17 00 00 00 00 00 F0 80 00 12 00 68 12 00 43 01 00 00 00 00 00 F0 01 13 0D 00 01 56 16 AC 16 
20:48:13:944-<<<<-接收-68 2D 00 83 04 00 00 00 00 58 17 00 00 00 00 00 01 BE BE BE BE BE F0 80 00 10 00 68 10 00 83 00 20 00 00 06 00 00 02 00 0C B7 16 29 16 
20:48:13:978->>>>-发送-68 2F 00 C3 05 00 00 00 00 59 01 BE BE BE BE BE 17 00 00 00 00 00 F0 80 00 12 00 68 12 00 43 01 00 00 00 00 00 F0 01 13 0E 00 01 57 16 AF 16 
20:48:14:374-<<<<-接收-68 2D 00 83 04 00 00 00 00 59 17 00 00 00 00 00 01 BE BE BE BE BE F0 80 00 10 00 68 10 00 83 00 20 00 00 06 00 00 02 00 0C B7 16 2A 16 
20:48:14:397->>>>-发送-68 2F 00 C3 05 00 00 00 00 5A 01 BE BE BE BE BE 17 00 00 00 00 00 F0 80 00 12 00 68 12 00 43 01 00 00 00 00 00 F0 01 13 0F 00 01 58 16 B2 16 
20:48:14:734-<<<<-接收-68 2D 00 83 04 00 00 00 00 5A 17 00 00 00 00 00 01 BE BE BE BE BE F0 80 00 10 00 68 10 00 83 00 20 00 00 06 00 00 02 00 0C B7 16 2B 16 
20:48:14:783->>>>-发送-68 2F 00 C3 05 00 00 00 00 5B 01 BE BE BE BE BE 17 00 00 00 00 00 F0 80 00 12 00 68 12 00 43 01 00 00 00 00 00 F0 01 13 10 00 01 59 16 B5 16 
20:48:15:051-<<<<-接收-68 2D 00 83 04 00 00 00 00 5B 17 00 00 00 00 00 01 BE BE BE BE BE F0 80 00 10 00 68 10 00 83 00 20 00 00 06 00 00 02 00 0C B7 16 2C 16 
20:48:15:089->>>>-发送-68 2F 00 C3 05 00 00 00 00 5C 01 BE BE BE BE BE 17 00 00 00 00 00 F0 80 00 12 00 68 12 00 43 01 00 00 00 00 00 F0 01 13 11 00 01 5A 16 B8 16 
20:48:15:419-<<<<-接收-68 2D 00 83 04 00 00 00 00 5C 17 00 00 00 00 00 01 BE BE BE BE BE F0 80 00 10 00 68 10 00 83 00 20 00 00 06 00 00 02 00 0C B7 16 2D 16 
20:48:15:442->>>>-发送-68 2F 00 C3 05 00 00 00 00 5D 01 BE BE BE BE BE 17 00 00 00 00 00 F0 80 00 12 00 68 12 00 43 01 00 00 00 00 00 F0 01 13 12 00 01 5B 16 BB 16 
20:48:15:835-<<<<-接收-68 2D 00 83 04 00 00 00 00 5D 17 00 00 00 00 00 01 BE BE BE BE BE F0 80 00 10 00 68 10 00 83 00 20 00 00 06 00 00 02 00 0C B7 16 2E 16 
20:48:15:885->>>>-发送-68 2F 00 C3 05 00 00 00 00 5E 01 BE BE BE BE BE 17 00 00 00 00 00 F0 80 00 12 00 68 12 00 43 01 00 00 00 00 00 F0 01 13 13 00 01 5C 16 BE 16 
20:48:16:196-<<<<-接收-68 2D 00 83 04 00 00 00 00 5E 17 00 00 00 00 00 01 BE BE BE BE BE F0 80 00 10 00 68 10 00 83 00 20 00 00 06 00 00 02 00 0C B7 16 2F 16 
20:48:16:229->>>>-发送-68 2F 00 C3 05 00 00 00 00 5F 01 BE BE BE BE BE 17 00 00 00 00 00 F0 80 00 12 00 68 12 00 43 01 00 00 00 00 00 F0 01 13 14 00 01 5D 16 C1 16 
20:48:16:477-<<<<-接收-68 2D 00 83 04 00 00 00 00 5F 17 00 00 00 00 00 01 BE BE BE BE BE F0 80 00 10 00 68 10 00 83 00 20 00 00 06 00 00 02 00 0C B7 16 30 16 
20:48:16:503->>>>-发送-68 2F 00 C3 05 00 00 00 00 60 01 BE BE BE BE BE 17 00 00 00 00 00 F0 80 00 12 00 68 12 00 43 01 00 00 00 00 00 F0 01 13 15 00 01 5E 16 C4 16 
20:48:17:084-<<<<-接收-68 66 00 83 04 00 00 00 00 60 17 00 00 00 00 00 01 BE BE BE BE BE F0 80 00 49 00 68 49 00 83 00 00 00 00 00 00 F0 01 13 1A 00 01 41 00 00 00 00 00 42 07 07 17 20 00 02 00 00 07 07 17 20 00 02 00 00 11 07 17 20 18 05 00 04 07 07 17 20 50 15 00 00 07 07 17 20 29 16 00 00 05 12 16 00 01 00 00 00 7F 16 33 16 
20:48:17:187->>>>-发送-68 2F 00 C3 05 00 00 00 00 61 01 BE BE BE BE BE 17 00 00 00 00 00 F0 80 00 12 00 68 12 00 43 01 00 00 00 00 00 F0 01 13 16 00 01 5F 16 C7 16 
20:48:17:833-<<<<-接收-68 66 00 83 04 00 00 00 00 61 17 00 00 00 00 00 01 BE BE BE BE BE F0 80 00 49 00 68 49 00 83 00 00 00 00 00 00 F0 01 13 1A 00 01 42 00 00 00 00 00 42 07 07 17 20 00 02 00 00 07 07 17 20 00 02 00 00 11 07 17 20 18 05 00 04 07 07 17 20 50 15 00 00 07 07 17 20 29 16 00 00 05 12 16 00 01 00 00 00 80 16 36 16 
20:48:17:917->>>>-发送-68 2F 00 C3 05 00 00 00 00 62 01 BE BE BE BE BE 17 00 00 00 00 00 F0 80 00 12 00 68 12 00 43 01 00 00 00 00 00 F0 01 13 17 00 01 60 16 CA 16 
20:48:18:453-<<<<-接收-68 66 00 83 04 00 00 00 00 62 17 00 00 00 00 00 01 BE BE BE BE BE F0 80 00 49 00 68 49 00 83 00 00 00 00 00 00 F0 01 13 1A 00 01 43 00 00 00 00 00 42 07 07 17 20 00 02 00 00 07 07 17 20 00 02 00 00 11 07 17 20 18 05 00 04 07 07 17 20 50 15 00 00 07 07 17 20 29 16 00 00 05 12 16 00 01 00 00 00 81 16 39 16 
20:48:18:539->>>>-发送-68 2F 00 C3 05 00 00 00 00 63 01 BE BE BE BE BE 17 00 00 00 00 00 F0 80 00 12 00 68 12 00 43 01 00 00 00 00 00 F0 01 13 18 00 01 61 16 CD 16 
20:48:19:233-<<<<-接收-68 66 00 83 04 00 00 00 00 63 17 00 00 00 00 00 01 BE BE BE BE BE F0 80 00 49 00 68 49 00 83 00 00 00 00 00 00 F0 01 13 1A 00 01 44 00 00 00 00 00 42 07 07 17 20 00 02 00 00 07 07 17 20 00 02 00 00 11 07 17 20 18 05 00 04 07 07 17 20 50 15 00 00 07 07 17 20 29 16 00 00 05 12 16 00 01 00 00 00 82 16 3C 16 
20:48:19:398->>>>-发送-68 2F 00 C3 05 00 00 00 00 64 01 BE BE BE BE BE 17 00 00 00 00 00 F0 80 00 12 00 68 12 00 43 01 00 00 00 00 00 F0 01 13 19 00 01 62 16 D0 16 
20:48:20:582-<<<<-接收-68 66 00 83 04 00 00 00 00 64 17 00 00 00 00 00 01 BE BE BE BE BE F0 80 00 49 00 68 49 00 83 00 00 00 00 00 00 F0 01 13 1A 00 01 45 00 00 00 00 00 42 07 07 17 20 00 02 00 00 07 07 17 20 00 02 00 00 11 07 17 20 18 05 00 04 07 07 17 20 50 15 00 00 07 07 17 20 29 16 00 00 05 12 16 00 01 00 00 00 83 16 3F 16 
20:48:20:665->>>>-发送-68 2F 00 C3 05 00 00 00 00 65 01 BE BE BE BE BE 17 00 00 00 00 00 F0 80 00 12 00 68 12 00 43 01 00 00 00 00 00 F0 01 13 1A 00 01 63 16 D3 16 
20:48:21:040-<<<<-接收-68 2D 00 83 04 00 00 00 00 65 17 00 00 00 00 00 01 BE BE BE BE BE F0 80 00 10 00 68 10 00 83 00 00 00 00 2C 00 00 02 00 0C BD 16 42 16 
