00:34:38:725->>>>-发送-68 00 22 16 0F FF 01 FF 38 60 45 FF 2F 01 64 00 30 1C 28 00 CC 08 05 00 00 01 02 03 04 05 06 FF FF FF FF FF FF 11 EB 16 
00:41:23:627->>>>-发送-68 00 22 16 0F FF 01 FF 00 38 60 45 FF 2F 01 64 00 30 1C 28 00 CC 08 05 00 00 01 02 03 04 05 06 FF FF FF FF FF FF DA 16 
00:43:25:469->>>>-发送-68 00 3E 16 0F FF 01 FF 00 38 60 45 FF 2F 01 64 00 30 1C 28 00 CC 08 05 00 00 01 02 03 04 05 06 FF FF FF FF FF FF 11 01 00 00 01 02 02 01 01 00 32 00 68 11 11 11 11 11 11 68 11 04 33 33 34 33 18 16 6B 16 
00:47:31:474->>>>-发送-68 00 3E 16 0F FF 01 FF 00 38 60 45 FF 2F 01 64 00 30 1C 28 00 CC 08 05 00 00 01 02 03 04 05 06 FF FF FF FF FF FF 11 01 00 00 01 02 02 01 01 00 32 00 68 CC CC CC CC CC CC 68 11 04 33 33 34 33 7A 16 2F 16 
00:47:55:523->>>>-发送-68 00 3E 16 0F FF 01 FF 00 38 60 45 FF 2F 01 64 00 30 1C 28 00 CC 08 05 00 00 01 02 03 04 05 06 FF FF FF FF FF FF 11 01 00 00 01 02 02 01 02 00 32 00 68 76 98 78 56 34 12 68 11 04 33 33 34 33 D4 16 E4 16 
09:13:34:358->>>>-发送-68 00 3E 16 0F FF 01 FF 00 38 60 45 FF 2F 01 64 00 30 1C 28 00 CC 08 05 00 00 01 02 03 04 05 06 FF FF FF FF FF FF 11 01 00 00 01 02 02 01 01 00 32 00 68 FF FF FF FF FF FF 68 11 04 33 33 34 33 AC 16 93 16 
09:14:00:885->>>>-发送-68 00 3E 16 0F FF 01 FF 00 38 60 45 FF 2F 01 64 00 30 1C 28 00 CC 08 05 00 00 01 02 03 04 05 06 FF FF FF FF FF FF 11 01 00 00 01 02 02 01 02 00 32 00 68 FF FF FF FF FF FF 68 11 04 33 33 34 33 AC 16 94 16 
09:15:16:077->>>>-发送-68 00 3E 16 0F FF 01 FF 00 38 60 45 00 20 01 64 00 30 1C 28 00 CC 08 05 00 00 01 02 03 04 05 06 FF FF FF FF FF FF 11 01 00 00 01 02 02 01 01 00 32 00 68 FF FF FF FF FF FF 68 11 04 33 33 34 33 AC 16 85 16 
09:16:27:725->>>>-发送-68 00 3E 16 0F FF 01 FF 00 38 60 45 BC 21 01 64 00 30 1C 28 00 CC 08 05 00 00 01 02 03 04 05 06 22 22 22 22 22 22 11 01 00 00 01 02 02 01 02 00 32 00 68 22 22 22 22 22 22 68 11 04 33 33 34 33 7E 16 B9 16 
09:18:27:980->>>>-发送-68 00 3E 16 0F FF 01 FF 00 38 60 45 2B 22 01 64 00 30 1C 28 00 CC 08 05 00 00 01 02 03 04 05 06 44 44 44 44 44 44 11 01 00 00 01 02 02 01 01 00 32 00 68 44 44 44 44 44 44 68 11 04 33 33 34 33 4A 16 8C 16 
09:20:53:229->>>>-发送-68 00 3E 16 0F FF 01 FF 00 38 60 45 00 20 01 64 00 30 1C 28 00 CC 08 05 00 00 01 02 03 04 05 06 44 44 44 44 44 44 11 01 00 00 01 02 02 01 02 00 32 00 68 44 44 44 44 44 44 68 11 04 33 33 34 33 4A 16 60 16 
09:22:01:372->>>>-发送-68 00 3E 16 0F FF 01 FF 00 38 60 45 FF 2F 01 64 00 30 1C 28 00 CC 08 05 00 00 01 02 03 04 05 06 55 55 55 55 55 55 11 01 00 00 01 02 02 01 01 00 32 00 68 55 55 55 55 55 55 68 11 04 33 33 34 33 B0 16 9F 16 
09:23:48:173->>>>-发送-68 00 3E 16 0F FF 01 FF 00 38 60 45 FF 2F 01 64 00 30 1C 28 00 CC 08 05 00 00 01 02 03 04 05 06 66 66 66 66 66 66 11 01 00 00 01 02 02 01 01 00 32 00 68 66 66 66 66 66 66 68 11 04 33 33 34 33 16 16 D1 16 
09:25:04:598->>>>-发送-68 00 3E 16 00 DE 01 FF 00 38 60 45 DE 20 01 64 00 30 1C 28 00 CC 08 05 00 00 01 02 03 04 05 06 55 55 55 55 55 55 11 01 00 00 01 02 02 01 01 00 32 00 68 55 55 55 55 55 55 68 11 04 33 33 34 33 B0 16 3F 16 
09:25:26:622->>>>-发送-68 00 3E 16 0F FF 01 FF 00 38 60 45 FF 2F 01 64 00 30 1C 28 00 CC 08 05 00 00 01 02 03 04 05 06 55 55 55 55 55 55 11 01 00 00 01 02 02 01 02 00 32 00 68 55 55 55 55 55 55 68 11 04 33 33 34 33 B0 16 A0 16 
09:35:06:973->>>>-发送-68 00 3E 16 00 02 01 FF 00 38 60 45 02 20 01 64 00 30 1C 28 00 CC 08 05 00 00 01 02 03 04 05 06 44 44 44 44 44 44 11 01 00 00 01 02 02 01 01 00 32 00 68 44 44 44 44 44 44 68 11 04 33 33 34 33 4A 16 55 16 
09:35:26:564->>>>-发送-68 00 3E 16 00 42 01 FF 00 38 60 45 42 00 01 64 00 30 1C 28 00 CC 08 05 00 00 01 02 03 04 05 06 44 44 44 44 44 43 11 01 00 00 01 02 02 01 02 00 32 00 68 44 44 44 44 44 43 68 11 04 33 33 34 33 49 16 B3 16 
09:36:25:172->>>>-发送-68 00 3E 16 0F FF 01 FF 00 38 60 45 FF 2F 01 64 00 30 1C 28 00 CC 08 05 00 00 01 02 03 04 05 06 FF FF FF FF FF FF 11 01 00 00 01 02 02 01 03 00 32 00 68 FF FF FF FF FF FF 68 11 04 33 33 34 33 AC 16 95 16 
09:56:48:799->>>>-发送-68 00 00 07 00 16 
09:56:55:993->>>>-发送-68 00 00 0C 00 16 
10:04:48:225->>>>-发送-68 00 3E 16 C8 1C 01 FF 00 38 60 45 1C 28 01 65 00 30 1C 28 00 CC 08 05 00 00 01 02 03 04 05 06 44 44 44 44 44 44 11 01 00 00 01 02 02 01 01 00 32 00 68 44 44 44 44 44 44 68 11 04 33 33 34 33 4A 16 5A 16 
10:04:49:497->>>>-发送-68 00 3E 16 C8 1C 01 FF 00 38 60 45 1C 28 01 66 00 30 1C 28 00 CC 08 05 00 00 01 02 03 04 05 06 44 44 44 44 44 44 11 01 00 00 01 02 02 01 02 00 32 00 68 44 44 44 44 44 44 68 11 04 33 33 34 33 4A 16 5C 16 
10:15:37:187->>>>-发送-68 00 3E 16 0F FF 01 FF 00 38 60 45 FF 2F 01 65 00 30 1C 28 00 CC 08 05 00 00 01 02 03 04 05 06 FF FF FF FF FF FF 11 01 00 00 01 02 02 01 01 00 32 00 68 FF FF FF FF FF FF 68 11 04 33 33 34 33 AC 16 94 16 
10:15:40:225->>>>-发送-68 00 3E 16 0F FF 01 FF 00 38 60 45 FF 2F 01 66 00 30 1C 28 00 CC 08 05 00 00 01 02 03 04 05 06 FF FF FF FF FF FF 11 01 00 00 01 02 02 01 02 00 32 00 68 FF FF FF FF FF FF 68 11 04 33 33 34 33 AC 16 96 16 
10:19:23:859->>>>-发送-68 00 3E 16 0F FF 01 FF 00 38 60 45 FF 2F 01 00 65 30 1C 28 00 CC 08 05 00 00 01 02 03 04 05 06 FF FF FF FF FF FF 11 01 00 00 01 02 02 01 01 00 32 00 68 FF FF FF FF FF FF 68 11 04 33 33 34 33 AC 16 94 16 
10:19:25:932->>>>-发送-68 00 3E 16 0F FF 01 FF 00 38 60 45 FF 2F 01 00 66 30 1C 28 00 CC 08 05 00 00 01 02 03 04 05 06 FF FF FF FF FF FF 11 01 00 00 01 02 02 01 02 00 32 00 68 FF FF FF FF FF FF 68 11 04 33 33 34 33 AC 16 96 16 
10:19:30:923->>>>-发送-68 00 3E 16 0F FF 01 FF 00 38 60 45 FF 2F 01 00 67 30 1C 28 00 CC 08 05 00 00 01 02 03 04 05 06 FF FF FF FF FF FF 11 01 00 00 01 02 02 01 03 00 32 00 68 FF FF FF FF FF FF 68 11 04 33 33 34 33 AC 16 98 16 
10:19:32:169->>>>-发送-68 00 3E 16 0F FF 01 FF 00 38 60 45 FF 2F 01 00 68 30 1C 28 00 CC 08 05 00 00 01 02 03 04 05 06 FF FF FF FF FF FF 11 01 00 00 01 02 02 01 04 00 32 00 68 FF FF FF FF FF FF 68 11 04 33 33 34 33 AC 16 9A 16 
10:19:33:024->>>>-发送-68 00 3E 16 0F FF 01 FF 00 38 60 45 FF 2F 01 00 69 30 1C 28 00 CC 08 05 00 00 01 02 03 04 05 06 FF FF FF FF FF FF 11 01 00 00 01 02 02 01 05 00 32 00 68 FF FF FF FF FF FF 68 11 04 33 33 34 33 AC 16 9C 16 
10:19:33:898->>>>-发送-68 00 3E 16 0F FF 01 FF 00 38 60 45 FF 2F 01 00 6A 30 1C 28 00 CC 08 05 00 00 01 02 03 04 05 06 FF FF FF FF FF FF 11 01 00 00 01 02 02 01 06 00 32 00 68 FF FF FF FF FF FF 68 11 04 33 33 34 33 AC 16 9E 16 
10:19:34:739->>>>-发送-68 00 3E 16 0F FF 01 FF 00 38 60 45 FF 2F 01 00 6B 30 1C 28 00 CC 08 05 00 00 01 02 03 04 05 06 FF FF FF FF FF FF 11 01 00 00 01 02 02 01 07 00 32 00 68 FF FF FF FF FF FF 68 11 04 33 33 34 33 AC 16 A0 16 
11:37:17:379->>>>-发送-
11:45:01:930->>>>-发送-
11:45:16:243->>>>-发送-
11:47:27:658->>>>-发送-34 12 
11:47:59:395->>>>-发送-68 16 45 
11:48:19:508->>>>-发送-61 61 61 
11:48:30:899->>>>-发送-72 65 62 6F 6F 74 
11:48:52:340->>>>-发送-61 61 61 
11:49:03:697->>>>-发送-61 61 61 
11:49:14:761->>>>-发送-61 61 61 61 64 64 34 35 34 35 34 35 
11:49:26:082->>>>-发送-AA AA DD 45 45 45 
11:49:38:507->>>>-发送-68 16 45 
14:40:48:981->>>>-发送-68 00 00 0C 00 16 
14:48:21:880->>>>-发送-68 00 00 0C 00 16 
14:49:45:118->>>>-发送-
15:17:53:624->>>>-发送-68 00 3E 16 01 4D 01 FF 00 38 60 45 4D 21 01 00 65 30 1C 28 00 CC 08 05 00 00 01 02 03 04 05 06 22 22 22 22 22 22 11 01 00 00 01 02 02 01 01 00 32 00 68 22 22 22 22 22 22 68 11 04 33 33 34 33 7E 16 8A 16 
15:17:54:855->>>>-发送-68 00 3E 16 01 4D 01 FF 00 38 60 45 4D 21 01 00 66 30 1C 28 00 CC 08 05 00 00 01 02 03 04 05 06 22 22 22 22 22 22 11 01 00 00 01 02 02 01 02 00 32 00 68 22 22 22 22 22 22 68 11 04 33 33 34 33 7E 16 8C 16 
15:17:56:104->>>>-发送-68 00 3E 16 01 4D 01 FF 00 38 60 45 4D 21 01 00 67 30 1C 28 00 CC 08 05 00 00 01 02 03 04 05 06 22 22 22 22 22 22 11 01 00 00 01 02 02 01 03 00 32 00 68 22 22 22 22 22 22 68 11 04 33 33 34 33 7E 16 8E 16 
15:17:57:309->>>>-发送-68 00 3E 16 01 4D 01 FF 00 38 60 45 4D 21 01 00 68 30 1C 28 00 CC 08 05 00 00 01 02 03 04 05 06 22 22 22 22 22 22 11 01 00 00 01 02 02 01 04 00 32 00 68 22 22 22 22 22 22 68 11 04 33 33 34 33 7E 16 90 16 
15:18:28:439->>>>-发送-68 00 3E 16 01 4D 01 FF 00 38 60 45 4D 21 01 00 69 30 1C 28 00 CC 08 05 00 00 01 02 03 04 05 06 22 22 22 22 22 22 11 01 00 00 01 02 02 01 05 00 32 00 68 22 22 22 22 22 22 68 11 04 33 33 34 33 7E 16 92 16 
15:18:30:224->>>>-发送-68 00 3E 16 01 4D 01 FF 00 38 60 45 4D 21 01 00 6A 30 1C 28 00 CC 08 05 00 00 01 02 03 04 05 06 22 22 22 22 22 22 11 01 00 00 01 02 02 01 06 00 32 00 68 22 22 22 22 22 22 68 11 04 33 33 34 33 7E 16 94 16 
15:18:34:064->>>>-发送-68 00 3E 16 01 4D 01 FF 00 38 60 45 4D 21 01 00 6B 30 1C 28 00 CC 08 05 00 00 01 02 03 04 05 06 22 22 22 22 22 22 11 01 00 00 01 02 02 01 07 00 32 00 68 22 22 22 22 22 22 68 11 04 33 33 34 33 7E 16 96 16 
15:18:38:841->>>>-发送-68 00 3E 16 01 4D 01 FF 00 38 60 45 4D 21 01 00 6C 30 1C 28 00 CC 08 05 00 00 01 02 03 04 05 06 22 22 22 22 22 22 11 01 00 00 01 02 02 01 08 00 32 00 68 22 22 22 22 22 22 68 11 04 33 33 34 33 7E 16 98 16 
15:18:39:884->>>>-发送-68 00 3E 16 01 4D 01 FF 00 38 60 45 4D 21 01 00 6D 30 1C 28 00 CC 08 05 00 00 01 02 03 04 05 06 22 22 22 22 22 22 11 01 00 00 01 02 02 01 09 00 32 00 68 22 22 22 22 22 22 68 11 04 33 33 34 33 7E 16 9A 16 
15:18:40:830->>>>-发送-68 00 3E 16 01 4D 01 FF 00 38 60 45 4D 21 01 00 6E 30 1C 28 00 CC 08 05 00 00 01 02 03 04 05 06 22 22 22 22 22 22 11 01 00 00 01 02 02 01 0A 00 32 00 68 22 22 22 22 22 22 68 11 04 33 33 34 33 7E 16 9C 16 
15:18:42:102->>>>-发送-68 00 3E 16 01 4D 01 FF 00 38 60 45 4D 21 01 00 6F 30 1C 28 00 CC 08 05 00 00 01 02 03 04 05 06 22 22 22 22 22 22 11 01 00 00 01 02 02 01 0B 00 32 00 68 22 22 22 22 22 22 68 11 04 33 33 34 33 7E 16 9E 16 
15:18:43:042->>>>-发送-68 00 3E 16 01 4D 01 FF 00 38 60 45 4D 21 01 00 70 30 1C 28 00 CC 08 05 00 00 01 02 03 04 05 06 22 22 22 22 22 22 11 01 00 00 01 02 02 01 0C 00 32 00 68 22 22 22 22 22 22 68 11 04 33 33 34 33 7E 16 A0 16 
15:18:44:040->>>>-发送-68 00 3E 16 01 4D 01 FF 00 38 60 45 4D 21 01 00 71 30 1C 28 00 CC 08 05 00 00 01 02 03 04 05 06 22 22 22 22 22 22 11 01 00 00 01 02 02 01 0D 00 32 00 68 22 22 22 22 22 22 68 11 04 33 33 34 33 7E 16 A2 16 
15:18:45:115->>>>-发送-68 00 3E 16 01 4D 01 FF 00 38 60 45 4D 21 01 00 72 30 1C 28 00 CC 08 05 00 00 01 02 03 04 05 06 22 22 22 22 22 22 11 01 00 00 01 02 02 01 0E 00 32 00 68 22 22 22 22 22 22 68 11 04 33 33 34 33 7E 16 A4 16 
15:18:46:096->>>>-发送-68 00 3E 16 01 4D 01 FF 00 38 60 45 4D 21 01 00 73 30 1C 28 00 CC 08 05 00 00 01 02 03 04 05 06 22 22 22 22 22 22 11 01 00 00 01 02 02 01 0F 00 32 00 68 22 22 22 22 22 22 68 11 04 33 33 34 33 7E 16 A6 16 
15:18:47:080->>>>-发送-68 00 3E 16 01 4D 01 FF 00 38 60 45 4D 21 01 00 74 30 1C 28 00 CC 08 05 00 00 01 02 03 04 05 06 22 22 22 22 22 22 11 01 00 00 01 02 02 01 10 00 32 00 68 22 22 22 22 22 22 68 11 04 33 33 34 33 7E 16 A8 16 
15:18:47:992->>>>-发送-68 00 3E 16 01 4D 01 FF 00 38 60 45 4D 21 01 00 75 30 1C 28 00 CC 08 05 00 00 01 02 03 04 05 06 22 22 22 22 22 22 11 01 00 00 01 02 02 01 11 00 32 00 68 22 22 22 22 22 22 68 11 04 33 33 34 33 7E 16 AA 16 
