19:48:45:449->>>>-发送-68 0F 00 C3 01 00 00 00 00 00 F0 20 03 D7 16 
19:48:47:525-<<<<-接收-68 17 00 C3 00 00 00 00 00 0E F0 04 03 01 17 00 00 00 00 00 01 E1 16 
19:48:48:663->>>>-发送-68 10 00 C3 01 00 00 00 00 01 F0 80 03 01 39 16 
19:48:48:758-<<<<-接收-68 15 00 83 00 00 00 00 06 01 00 01 00 00 00 00 00 00 00 8B 16 
19:49:04:564->>>>-发送-68 2C 00 C3 05 00 00 00 00 02 01 BE BE BE BE BE 17 00 00 00 00 00 F0 80 00 0F 00 68 0F 00 43 01 00 00 00 00 00 10 01 00 55 16 4E 16 
19:49:04:897-<<<<-接收-68 30 00 83 04 00 00 00 00 02 17 00 00 00 00 00 01 BE BE BE BE BE F0 80 00 13 00 68 13 00 83 00 00 00 00 00 00 10 01 00 0C 00 F8 07 9F 16 A9 16 
19:49:04:909->>>>-发送-68 2F 00 C3 05 00 00 00 00 03 01 BE BE BE BE BE 17 00 00 00 00 00 F0 80 00 12 00 68 12 00 43 01 00 00 00 00 00 F0 80 03 01 00 01 B9 16 1D 16 
19:49:05:656-<<<<-接收-68 80 00 83 04 00 00 00 00 03 17 00 00 00 00 00 01 BE BE BE BE BE F0 80 00 63 00 68 63 00 83 00 00 00 00 00 00 F0 80 03 31 00 00 00 00 00 00 00 00 00 00 00 00 00 00 00 00 00 2A 00 00 00 00 00 00 00 16 00 00 00 70 00 00 00 32 00 00 00 12 00 EA 00 00 00 10 00 00 00 03 00 00 00 03 00 00 00 EA 00 00 00 27 00 00 00 06 00 00 00 0A 00 00 00 07 00 00 00 03 00 00 00 03 00 00 00 49 16 9E 16 
19:49:05:852->>>>-发送-68 2F 00 C3 05 00 00 00 00 04 01 BE BE BE BE BE 17 00 00 00 00 00 F0 80 00 12 00 68 12 00 43 01 00 00 00 00 00 F0 80 03 02 00 01 BA 16 20 16 
19:49:06:714-<<<<-接收-68 80 00 83 04 00 00 00 00 04 17 00 00 00 00 00 01 BE BE BE BE BE F0 80 00 63 00 68 63 00 83 00 00 00 00 00 00 F0 80 03 32 00 00 00 00 00 00 00 00 00 00 00 00 00 00 00 00 00 2A 00 00 00 00 00 00 00 17 00 00 00 72 00 00 00 22 00 00 00 30 00 E9 00 00 00 0D 00 00 00 03 00 00 00 03 00 00 00 E9 00 00 00 28 00 00 00 08 00 00 00 0A 00 00 00 07 00 00 00 07 00 00 00 03 00 00 00 5D 16 C7 16 
19:49:06:865->>>>-发送-68 2F 00 C3 05 00 00 00 00 05 01 BE BE BE BE BE 17 00 00 00 00 00 F0 80 00 12 00 68 12 00 43 01 00 00 00 00 00 F0 80 03 03 00 01 BB 16 23 16 
19:49:07:755-<<<<-接收-68 80 00 83 04 00 00 00 00 05 17 00 00 00 00 00 01 BE BE BE BE BE F0 80 00 63 00 68 63 00 83 00 00 00 00 00 00 F0 80 03 33 00 00 00 00 00 00 00 00 00 00 00 00 00 00 00 00 00 3C 00 00 00 00 00 00 00 24 00 00 00 73 00 00 00 09 00 00 00 09 00 EC 00 00 00 0E 00 00 00 03 00 00 00 04 00 00 00 EC 00 00 00 28 00 00 00 08 00 00 00 0A 00 00 00 07 00 00 00 03 00 00 00 04 00 00 00 43 16 94 16 
19:49:07:901->>>>-发送-68 2F 00 C3 05 00 00 00 00 06 01 BE BE BE BE BE 17 00 00 00 00 00 F0 80 00 12 00 68 12 00 43 01 00 00 00 00 00 F0 80 03 04 00 01 BC 16 26 16 
19:49:08:698-<<<<-接收-68 80 00 83 04 00 00 00 00 06 17 00 00 00 00 00 01 BE BE BE BE BE F0 80 00 63 00 68 63 00 83 00 00 00 00 00 00 F0 80 03 34 00 00 00 00 00 00 00 00 00 00 00 00 00 00 00 00 00 48 00 00 00 00 00 00 00 30 00 00 00 73 00 00 00 0A 00 00 00 1D 00 ED 00 00 00 21 00 00 00 03 00 00 00 04 00 00 00 ED 00 00 00 28 00 00 00 07 00 00 00 0A 00 00 00 06 00 00 00 03 00 00 00 03 00 00 00 83 16 15 16 
19:49:08:972->>>>-发送-68 2F 00 C3 05 00 00 00 00 07 01 BE BE BE BE BE 17 00 00 00 00 00 F0 80 00 12 00 68 12 00 43 01 00 00 00 00 00 F0 80 03 05 00 01 BD 16 29 16 
19:49:09:855-<<<<-接收-68 80 00 83 04 00 00 00 00 07 17 00 00 00 00 00 01 BE BE BE BE BE F0 80 00 63 00 68 63 00 83 00 00 00 00 00 00 F0 80 03 35 00 00 00 00 00 00 00 00 00 00 00 00 00 00 00 00 00 01 00 00 00 00 00 00 00 00 00 00 00 12 00 00 00 00 00 00 00 00 00 1D 00 00 00 1D 00 00 00 00 00 00 00 00 00 00 00 00 00 00 00 00 00 00 00 00 00 00 00 00 00 00 00 00 00 00 00 00 00 00 00 00 00 00 00 78 16 00 16 
19:49:09:999->>>>-发送-68 2F 00 C3 05 00 00 00 00 08 01 BE BE BE BE BE 17 00 00 00 00 00 F0 80 00 12 00 68 12 00 43 01 00 00 00 00 00 F0 80 03 06 00 01 BE 16 2C 16 
19:49:11:449-<<<<-接收-68 80 00 83 04 00 00 00 00 08 17 00 00 00 00 00 01 BE BE BE BE BE F0 80 00 63 00 68 63 00 83 00 00 00 00 00 00 F0 80 03 36 00 00 00 00 00 00 00 00 00 00 00 00 00 00 00 00 00 3D 00 00 00 00 00 00 00 24 00 00 00 88 00 00 00 08 00 00 00 1D 00 69 00 00 00 24 00 00 00 0A 00 00 00 04 00 00 00 28 00 00 00 06 00 00 00 0A 00 00 00 07 00 00 00 07 00 00 00 03 00 00 00 03 00 00 00 21 16 53 16 
19:49:11:641->>>>-发送-68 2F 00 C3 05 00 00 00 00 09 01 BE BE BE BE BE 17 00 00 00 00 00 F0 80 00 12 00 68 12 00 43 01 00 00 00 00 00 F0 80 03 07 00 01 BF 16 2F 16 
19:49:12:796-<<<<-接收-68 80 00 83 04 00 00 00 00 09 17 00 00 00 00 00 01 BE BE BE BE BE F0 80 00 63 00 68 63 00 83 00 00 00 00 00 00 F0 80 03 37 00 00 00 00 00 00 00 00 00 00 00 00 00 00 00 00 00 4B 00 00 00 00 00 00 00 14 00 00 00 8B 00 00 00 0F 00 00 00 13 00 AF 01 00 00 11 00 00 00 03 00 00 00 05 00 00 00 13 00 00 00 07 00 00 00 DA 00 00 00 0D 00 00 00 0D 00 00 00 BD 00 00 00 AF 01 00 00 7D 16 0C 16 
19:49:22:338->>>>-发送-68 2C 00 C3 05 00 00 00 00 0A 01 BE BE BE BE BE 17 00 00 00 00 00 F0 80 00 0F 00 68 0F 00 43 01 00 00 00 00 00 10 01 00 55 16 56 16 
19:49:22:676-<<<<-接收-68 30 00 83 04 00 00 00 00 0A 17 00 00 00 00 00 01 BE BE BE BE BE F0 80 00 13 00 68 13 00 83 00 00 00 00 00 00 10 01 00 0C 00 F8 07 9F 16 B1 16 
19:49:22:692->>>>-发送-68 2F 00 C3 05 00 00 00 00 0B 01 BE BE BE BE BE 17 00 00 00 00 00 F0 80 00 12 00 68 12 00 43 01 00 00 00 00 00 F0 80 03 01 00 01 B9 16 25 16 
19:49:23:486-<<<<-接收-68 80 00 83 04 00 00 00 00 0B 17 00 00 00 00 00 01 BE BE BE BE BE F0 80 00 63 00 68 63 00 83 00 00 00 00 00 00 F0 80 03 31 00 00 00 00 00 00 00 00 00 00 00 00 00 00 00 00 00 2A 00 00 00 00 00 00 00 16 00 00 00 70 00 00 00 32 00 00 00 12 00 EA 00 00 00 10 00 00 00 03 00 00 00 03 00 00 00 EA 00 00 00 27 00 00 00 06 00 00 00 0A 00 00 00 07 00 00 00 03 00 00 00 03 00 00 00 49 16 A6 16 
19:49:23:638->>>>-发送-68 2F 00 C3 05 00 00 00 00 0C 01 BE BE BE BE BE 17 00 00 00 00 00 F0 80 00 12 00 68 12 00 43 01 00 00 00 00 00 F0 80 03 02 00 01 BA 16 28 16 
19:49:24:602-<<<<-接收-68 80 00 83 04 00 00 00 00 0C 17 00 00 00 00 00 01 BE BE BE BE BE F0 80 00 63 00 68 63 00 83 00 00 00 00 00 00 F0 80 03 32 00 00 00 00 00 00 00 00 00 00 00 00 00 00 00 00 00 2A 00 00 00 00 00 00 00 17 00 00 00 72 00 00 00 22 00 00 00 30 00 E9 00 00 00 0D 00 00 00 03 00 00 00 03 00 00 00 E9 00 00 00 28 00 00 00 08 00 00 00 0A 00 00 00 07 00 00 00 07 00 00 00 03 00 00 00 5D 16 CF 16 
19:49:24:804->>>>-发送-68 2F 00 C3 05 00 00 00 00 0D 01 BE BE BE BE BE 17 00 00 00 00 00 F0 80 00 12 00 68 12 00 43 01 00 00 00 00 00 F0 80 03 03 00 01 BB 16 2B 16 
19:49:25:680-<<<<-接收-68 80 00 83 04 00 00 00 00 0D 17 00 00 00 00 00 01 BE BE BE BE BE F0 80 00 63 00 68 63 00 83 00 00 00 00 00 00 F0 80 03 33 00 00 00 00 00 00 00 00 00 00 00 00 00 00 00 00 00 3C 00 00 00 00 00 00 00 24 00 00 00 73 00 00 00 09 00 00 00 09 00 EC 00 00 00 0E 00 00 00 03 00 00 00 04 00 00 00 EC 00 00 00 28 00 00 00 08 00 00 00 0A 00 00 00 07 00 00 00 03 00 00 00 04 00 00 00 43 16 9C 16 
