15:03:24:410->>>>-发送-31 00 32 00 33 
15:06:06:653->>>>-发送-33 00 33 00 33 
15:06:12:907->>>>-发送-33 00 33 00 33 
15:06:18:725->>>>-发送-33 00 33 00 33 
15:06:33:174->>>>-发送-33 00 33 00 33 
15:06:35:348->>>>-发送-33 00 33 00 33 
15:06:35:641->>>>-发送-33 00 33 00 33 
15:06:35:838->>>>-发送-33 00 33 00 33 
15:06:39:985->>>>-发送-31 00 32 00 33 
15:06:41:108->>>>-发送-31 00 32 00 33 
15:06:41:308->>>>-发送-31 00 32 00 33 
15:06:41:470->>>>-发送-31 00 32 00 33 
15:06:44:679->>>>-发送-32 00 00 00 00 
15:06:44:868->>>>-发送-32 00 00 00 00 
15:06:45:024->>>>-发送-32 00 00 00 00 
15:06:45:176->>>>-发送-32 00 00 00 00 
15:06:45:318->>>>-发送-32 00 00 00 00 
15:06:48:724->>>>-发送-32 00 34 00 34 
15:06:49:164->>>>-发送-32 00 34 00 34 
15:06:49:333->>>>-发送-32 00 34 00 34 
15:06:49:492->>>>-发送-32 00 34 00 34 
15:06:49:638->>>>-发送-32 00 34 00 34 
15:06:49:785->>>>-发送-32 00 34 00 34 
15:06:49:970->>>>-发送-32 00 34 00 34 
15:06:50:141->>>>-发送-32 00 34 00 34 
15:06:50:313->>>>-发送-32 00 34 00 34 
15:06:50:480->>>>-发送-32 00 34 00 34 
15:06:50:646->>>>-发送-32 00 34 00 34 
15:06:50:816->>>>-发送-32 00 34 00 34 
15:06:50:960->>>>-发送-32 00 34 00 34 
15:06:51:135->>>>-发送-32 00 34 00 34 
15:06:58:014->>>>-发送-32 00 34 00 34 
15:06:58:273->>>>-发送-32 00 34 00 34 
15:06:58:468->>>>-发送-32 00 34 00 34 
15:06:58:648->>>>-发送-32 00 34 00 34 
15:06:58:832->>>>-发送-32 00 34 00 34 
15:06:59:010->>>>-发送-32 00 34 00 34 
15:06:59:178->>>>-发送-32 00 34 00 34 
15:06:59:358->>>>-发送-32 00 34 00 34 
15:06:59:506->>>>-发送-32 00 34 00 34 
15:06:59:661->>>>-发送-32 00 34 00 34 
15:07:02:419->>>>-发送-35 00 35 00 35 
15:07:02:829->>>>-发送-35 00 35 00 35 
15:07:03:005->>>>-发送-35 00 35 00 35 
15:07:03:175->>>>-发送-35 00 35 00 35 
15:07:03:342->>>>-发送-35 00 35 00 35 
15:07:03:509->>>>-发送-35 00 35 00 35 
15:07:03:677->>>>-发送-35 00 35 00 35 
15:07:03:920->>>>-发送-35 00 35 00 35 
15:07:04:417->>>>-发送-35 00 35 00 35 
15:07:04:450->>>>-发送-35 00 35 00 35 
15:07:04:484->>>>-发送-35 00 35 00 35 
15:07:04:516->>>>-发送-35 00 35 00 35 
15:07:04:551->>>>-发送-35 00 35 00 35 
15:07:04:582->>>>-发送-35 00 35 00 35 
15:07:04:615->>>>-发送-35 00 35 00 35 
15:07:04:648->>>>-发送-35 00 35 00 35 
15:07:04:681->>>>-发送-35 00 35 00 35 
15:07:04:714->>>>-发送-35 00 35 00 35 
15:07:04:750->>>>-发送-35 00 35 00 35 
15:07:04:780->>>>-发送-35 00 35 00 35 
15:07:04:812->>>>-发送-35 00 35 00 35 
15:07:04:845->>>>-发送-35 00 35 00 35 
15:07:04:879->>>>-发送-35 00 35 00 35 
15:07:04:911->>>>-发送-35 00 35 00 35 
15:07:04:944->>>>-发送-35 00 35 00 35 
15:07:04:977->>>>-发送-35 00 35 00 35 
15:07:05:011->>>>-发送-35 00 35 00 35 
15:07:05:043->>>>-发送-35 00 35 00 35 
15:07:05:078->>>>-发送-35 00 35 00 35 
15:07:05:109->>>>-发送-35 00 35 00 35 
15:07:05:142->>>>-发送-35 00 35 00 35 
15:07:05:174->>>>-发送-35 00 35 00 35 
15:07:05:208->>>>-发送-35 00 35 00 35 
15:07:05:241->>>>-发送-35 00 35 00 35 
15:07:05:273->>>>-发送-35 00 35 00 35 
15:07:05:306->>>>-发送-35 00 35 00 35 
15:07:05:339->>>>-发送-35 00 35 00 35 
15:07:05:373->>>>-发送-35 00 35 00 35 
15:07:05:407->>>>-发送-35 00 35 00 35 
15:07:05:438->>>>-发送-35 00 35 00 35 
15:07:05:471->>>>-发送-35 00 35 00 35 
15:07:05:506->>>>-发送-35 00 35 00 35 
15:07:05:537->>>>-发送-35 00 35 00 35 
15:07:05:569->>>>-发送-35 00 35 00 35 
15:07:05:603->>>>-发送-35 00 35 00 35 
15:07:05:635->>>>-发送-35 00 35 00 35 
15:07:05:669->>>>-发送-35 00 35 00 35 
15:07:05:701->>>>-发送-35 00 35 00 35 
15:07:05:737->>>>-发送-35 00 35 00 35 
15:07:05:767->>>>-发送-35 00 35 00 35 
15:07:05:800->>>>-发送-35 00 35 00 35 
15:07:05:833->>>>-发送-35 00 35 00 35 
15:07:05:866->>>>-发送-35 00 35 00 35 
15:07:05:898->>>>-发送-35 00 35 00 35 
15:07:05:931->>>>-发送-35 00 35 00 35 
15:07:05:965->>>>-发送-35 00 35 00 35 
15:07:05:998->>>>-发送-35 00 35 00 35 
15:07:06:031->>>>-发送-35 00 35 00 35 
15:07:06:063->>>>-发送-35 00 35 00 35 
15:07:06:096->>>>-发送-35 00 35 00 35 
15:07:06:129->>>>-发送-35 00 35 00 35 
15:07:06:162->>>>-发送-35 00 35 00 35 
15:07:06:195->>>>-发送-35 00 35 00 35 
15:07:06:228->>>>-发送-35 00 35 00 35 
15:07:06:261->>>>-发送-35 00 35 00 35 
15:07:06:294->>>>-发送-35 00 35 00 35 
15:07:06:327->>>>-发送-35 00 35 00 35 
15:07:06:362->>>>-发送-35 00 35 00 35 
15:07:06:392->>>>-发送-35 00 35 00 35 
15:07:06:425->>>>-发送-35 00 35 00 35 
15:07:06:458->>>>-发送-35 00 35 00 35 
15:07:06:496->>>>-发送-35 00 35 00 35 
15:07:06:524->>>>-发送-35 00 35 00 35 
15:07:06:557->>>>-发送-35 00 35 00 35 
15:07:06:590->>>>-发送-35 00 35 00 35 
15:07:06:623->>>>-发送-35 00 35 00 35 
15:07:06:656->>>>-发送-35 00 35 00 35 
15:07:06:688->>>>-发送-35 00 35 00 35 
15:07:10:702->>>>-发送-35 00 35 00 35 
15:07:10:912->>>>-发送-35 00 35 00 35 
15:07:11:102->>>>-发送-35 00 35 00 35 
15:07:11:250->>>>-发送-35 00 35 00 35 
15:07:11:451->>>>-发送-35 00 35 00 35 
15:07:11:674->>>>-发送-35 00 35 00 35 
15:07:11:896->>>>-发送-35 00 35 00 35 
15:07:12:067->>>>-发送-35 00 35 00 35 
15:07:12:237->>>>-发送-35 00 35 00 35 
15:08:16:905->>>>-发送-34 00 35 00 33 
15:08:35:182->>>>-发送-34 00 35 00 33 
15:11:12:147->>>>-发送-32 00 32 00 32 
15:12:43:237->>>>-发送-33 00 34 00 35 
15:13:14:362->>>>-发送-33 00 34 00 35 
15:14:15:540->>>>-发送-33 00 33 00 33 
15:14:45:789->>>>-发送-34 00 34 00 34 00 34 00 34 00 34 00 34 00 34 00 34 00 34 00 34 00 34 00 34 00 34 00 34 00 34 00 34 00 00 00 00 00 00 00 00 00 00 00 00 00 00 00 00 00 00 00 00 00 00 00 00 00 00 00 00 00 00 00 00 00 00 00 00 00 00 00 00 00 00 00 00 00 00 00 00 00 00 00 00 00 00 00 00 00 00 00 00 00 00 00 00 00 00 00 
15:21:03:515->>>>-发送-31 00 32 00 33 00 34 00 35 00 36 00 00 00 00 00 00 00 00 00 00 00 00 00 00 00 00 00 00 00 00 00 00 00 00 00 00 00 00 00 00 00 00 00 00 00 00 00 00 00 00 00 00 00 00 00 00 00 00 00 00 00 00 00 00 00 00 00 00 00 00 00 00 00 00 00 00 00 00 00 00 00 00 00 00 00 00 00 00 00 00 00 00 00 00 00 00 00 00 00 
15:23:40:465->>>>-发送-34 00 35 00 36 00 00 00 00 00 00 00 00 00 00 00 00 00 00 00 00 00 00 00 00 00 00 00 00 00 00 00 00 00 00 00 00 00 00 00 00 00 00 00 00 00 00 00 00 00 00 00 00 00 00 00 00 00 00 00 00 00 00 00 00 00 00 00 00 00 00 00 00 00 00 00 00 00 00 00 00 00 00 00 00 00 00 00 00 00 00 00 00 00 00 00 00 00 00 00 
15:23:47:556->>>>-发送-36 00 36 00 36 00 00 00 00 00 00 00 00 00 00 00 00 00 00 00 00 00 00 00 00 00 00 00 00 00 00 00 00 00 00 00 00 00 00 00 00 00 00 00 00 00 00 00 00 00 00 00 00 00 00 00 00 00 00 00 00 00 00 00 00 00 00 00 00 00 00 00 00 00 00 00 00 00 00 00 00 00 00 00 00 00 00 00 00 00 00 00 00 00 00 00 00 00 00 00 
15:24:41:191->>>>-发送-34 00 34 00 34 00 00 00 00 00 00 00 00 00 00 00 00 00 00 00 00 00 00 00 00 00 00 00 00 00 00 00 00 00 00 00 00 00 00 00 00 00 00 00 00 00 00 00 00 00 00 00 00 00 00 00 00 00 00 00 00 00 00 00 00 00 00 00 00 00 00 00 00 00 00 00 00 00 00 00 00 00 00 00 00 00 00 00 00 00 00 00 00 00 00 00 00 00 00 00 
15:25:34:210->>>>-发送-31 00 32 00 33 00 34 00 35 00 36 00 37 00 00 00 00 00 00 00 00 00 00 00 00 00 00 00 00 00 00 00 00 00 00 00 00 00 00 00 00 00 00 00 00 00 00 00 00 00 00 00 00 00 00 00 00 00 00 00 00 00 00 00 00 00 00 00 00 00 00 00 00 00 00 00 00 00 00 00 00 00 00 00 00 00 00 00 00 00 00 00 00 00 00 00 00 00 00 00 
15:26:55:733->>>>-发送-31 00 32 00 33 00 34 00 35 00 36 00 37 00 00 00 00 00 00 00 00 00 00 00 00 00 00 00 00 00 00 00 00 00 00 00 00 00 00 00 00 00 00 00 00 00 00 00 00 00 00 00 00 00 00 00 00 00 00 00 00 00 00 00 00 00 00 00 00 00 00 00 00 00 00 00 00 00 00 00 00 00 00 00 00 00 00 00 00 00 00 00 00 00 00 00 00 00 00 00 
15:28:45:331->>>>-发送-61 00 62 
15:28:53:668->>>>-发送-61 00 62 
15:35:50:664->>>>-发送-31 00 32 
15:35:50:848->>>>-发送-31 00 32 
15:35:57:278->>>>-发送-31 00 32 
15:36:00:057->>>>-发送-31 00 32 
15:36:00:260->>>>-发送-31 00 32 
15:36:00:435->>>>-发送-31 00 32 
15:36:00:568->>>>-发送-31 00 32 
15:37:12:307->>>>-发送-31 00 32 00 33 00 
15:37:34:813->>>>-发送-31 00 32 00 33 00 
15:44:10:359->>>>-发送-61 62 31 32 
15:46:12:427->>>>-发送-31 00 32 00 
15:54:32:556->>>>-发送-28 28 28 28 28 28 
16:04:36:016->>>>-发送-31 31 31 31 31 31 
16:04:42:424->>>>-发送-31 31 31 31 31 31 
16:04:44:110->>>>-发送-31 31 31 31 31 31 
16:04:46:463->>>>-发送-31 31 31 31 31 31 
16:04:49:269->>>>-发送-31 31 31 31 31 31 
16:05:02:060->>>>-发送-61 61 61 
16:06:15:904->>>>-发送-31 32 33 61 62 63 
16:06:22:433->>>>-发送-31 32 33 61 62 63 
16:06:23:219->>>>-发送-31 32 33 61 62 63 
16:06:23:633->>>>-发送-31 32 33 61 62 63 
16:06:23:928->>>>-发送-31 32 33 61 62 63 
16:06:24:137->>>>-发送-31 32 33 61 62 63 
16:06:24:375->>>>-发送-31 32 33 61 62 63 
16:06:24:694->>>>-发送-31 32 33 61 62 63 
16:06:28:810->>>>-发送-31 32 33 61 62 63 
16:06:30:279->>>>-发送-31 32 33 61 62 63 
16:06:30:648->>>>-发送-31 32 33 61 62 63 
16:06:30:956->>>>-发送-31 32 33 61 62 63 
16:06:31:219->>>>-发送-31 32 33 61 62 63 
16:06:31:461->>>>-发送-31 32 33 61 62 63 
