11:28:21:354->>>>-发送-68 00 00 07 00 16 
11:28:22:301-<<<<-接收-68 00 1C 87 01 00 00 02 01 00 00 00 55 00 00 00 00 66 02 01 02 00 01 00 22 22 22 22 22 12 04 02 87 16 
11:28:24:319-<<<<-接收-68 00 28 87 02 00 00 03 03 00 01 00 55 33 33 33 33 66 04 02 04 00 01 00 22 44 44 44 44 12 04 02 05 00 01 00 22 55 55 55 55 12 04 02 79 16 
11:28:26:305-<<<<-接收-68 00 10 87 04 01 00 01 06 00 04 00 55 66 66 66 66 66 04 03 6A 16 
11:29:17:977->>>>-发送-68 00 00 07 00 16 
11:29:20:776-<<<<-接收-68 00 1C 87 01 00 00 02 01 00 00 00 55 00 00 00 00 66 02 01 02 00 01 00 22 22 22 22 22 12 04 02 87 16 
11:29:22:764-<<<<-接收-68 00 28 87 02 00 00 03 03 00 01 00 55 33 33 33 33 66 04 02 04 00 01 00 22 44 44 44 44 12 04 02 05 00 01 00 22 55 55 55 55 12 04 02 79 16 
11:29:24:775-<<<<-接收-68 00 10 87 04 01 00 01 06 00 04 00 55 66 66 66 66 66 04 03 6A 16 
11:32:32:305->>>>-发送-68 00 00 07 00 16 
11:32:34:241-<<<<-接收-68 00 1C 87 01 00 00 02 01 00 00 00 55 00 00 00 00 66 02 01 02 00 01 00 22 22 22 22 22 12 04 02 87 16 
11:32:36:245-<<<<-接收-68 00 28 87 02 00 00 03 03 00 01 00 55 33 33 33 33 66 04 02 04 00 01 00 22 44 44 44 44 12 04 02 05 00 01 00 22 55 55 55 55 12 04 02 79 16 
11:32:38:242-<<<<-接收-68 00 10 87 04 01 00 01 06 00 04 00 55 66 66 66 66 66 04 03 6A 16 
11:32:44:313->>>>-发送-68 00 00 07 00 16 
11:32:46:563-<<<<-接收-68 00 1C 87 01 00 00 02 01 00 00 00 55 00 00 00 00 66 02 01 02 00 01 00 22 22 22 22 22 12 04 02 87 16 
11:32:48:567-<<<<-接收-68 00 28 87 02 00 00 03 03 00 01 00 55 33 33 33 33 66 04 02 04 00 01 00 22 44 44 44 44 12 04 02 05 00 01 00 22 55 55 55 55 12 04 02 79 16 
11:32:50:559-<<<<-接收-68 00 10 87 04 01 00 01 06 00 04 00 55 66 66 66 66 66 04 03 6A 16 
11:33:30:029->>>>-发送-68 00 00 07 00 16 
11:33:31:881-<<<<-接收-68 00 1C 87 01 00 00 02 01 00 00 00 55 00 00 00 00 66 02 01 02 00 01 00 22 22 22 22 22 12 04 02 87 16 
11:33:33:895-<<<<-接收-68 00 28 87 02 00 00 03 03 00 01 00 55 33 33 33 33 66 04 02 04 00 01 00 22 44 44 44 44 12 04 02 05 00 01 00 22 55 55 55 55 12 04 02 79 16 
11:33:35:880-<<<<-接收-68 00 10 87 04 01 00 01 06 00 04 00 55 66 66 66 66 66 04 03 6A 16 
11:33:38:696->>>>-发送-68 00 00 07 00 16 
11:33:40:332-<<<<-接收-68 00 1C 87 01 00 00 02 01 00 00 00 55 00 00 00 00 66 02 01 02 00 01 00 22 22 22 22 22 12 04 02 87 16 
11:33:42:316-<<<<-接收-68 00 28 87 02 00 00 03 03 00 01 00 55 33 33 33 33 66 04 02 04 00 01 00 22 44 44 44 44 12 04 02 05 00 01 00 22 55 55 55 55 12 04 02 79 16 
11:33:44:342-<<<<-接收-68 00 10 87 04 01 00 01 06 00 04 00 55 66 66 66 66 66 04 03 6A 16 
11:35:05:991->>>>-发送-68 00 00 07 00 16 
11:35:07:923-<<<<-接收-68 00 1C 87 01 00 00 02 01 00 00 00 55 00 00 00 00 66 02 01 02 00 01 00 22 22 22 22 22 12 04 02 87 16 
11:35:09:911-<<<<-接收-68 00 28 87 02 00 00 03 03 00 01 00 55 33 33 33 33 66 04 02 04 00 01 00 22 44 44 44 44 12 04 02 05 00 01 00 22 55 55 55 55 12 04 02 79 16 
11:35:11:908-<<<<-接收-68 00 10 87 04 01 00 01 06 00 04 00 55 66 66 66 66 66 04 03 6A 16 
11:35:15:320->>>>-发送-68 00 00 07 00 16 
11:35:17:262-<<<<-接收-68 00 1C 87 01 00 00 02 01 00 00 00 55 00 00 00 00 66 02 01 02 00 01 00 22 22 22 22 22 12 04 02 87 16 
11:35:19:259-<<<<-接收-68 00 28 87 02 00 00 03 03 00 01 00 55 33 33 33 33 66 04 02 04 00 01 00 22 44 44 44 44 12 04 02 05 00 01 00 22 55 55 55 55 12 04 02 79 16 
11:35:21:264-<<<<-接收-68 00 10 87 04 01 00 01 06 00 04 00 55 66 66 66 66 66 04 03 6A 16 
11:37:58:895->>>>-发送-68 00 00 07 00 16 
11:38:00:802-<<<<-接收-68 00 1C 87 01 00 00 02 01 00 00 00 55 00 00 00 00 66 02 01 02 00 01 00 22 22 22 22 22 12 04 02 87 16 
11:38:02:805-<<<<-接收-68 00 28 87 02 00 00 03 03 00 01 00 55 33 33 33 33 66 04 02 04 00 01 00 22 44 44 44 44 12 04 02 05 00 01 00 22 55 55 55 55 12 04 02 79 16 
11:38:04:807-<<<<-接收-68 00 10 87 04 01 00 01 06 00 04 00 55 66 66 66 66 66 04 03 6A 16 
11:38:08:037->>>>-发送-68 00 00 07 00 16 
11:38:10:116-<<<<-接收-68 00 1C 87 01 00 00 02 01 00 00 00 55 00 00 00 00 66 02 01 02 00 01 00 22 22 22 22 22 12 04 02 87 16 
11:38:12:144-<<<<-接收-68 00 28 87 02 00 00 03 03 00 01 00 55 33 33 33 33 66 04 02 04 00 01 00 22 44 44 44 44 12 04 02 05 00 01 00 22 55 55 55 55 12 04 02 79 16 
11:38:14:122-<<<<-接收-68 00 10 87 04 01 00 01 06 00 04 00 55 66 66 66 66 66 04 03 6A 16 
11:39:06:548->>>>-发送-68 00 00 07 00 16 
11:39:08:577-<<<<-接收-68 00 1C 87 01 00 00 02 01 00 00 00 55 00 00 00 00 66 02 01 02 00 01 00 22 22 22 22 22 12 04 02 87 16 
11:39:10:602-<<<<-接收-68 00 28 87 02 00 00 03 03 00 01 00 55 33 33 33 33 66 04 02 04 00 01 00 22 44 44 44 44 12 04 02 05 00 01 00 22 55 55 55 55 12 04 02 79 16 
11:39:12:584-<<<<-接收-68 00 10 87 04 01 00 01 06 00 04 00 55 66 66 66 66 66 04 03 6A 16 
11:39:15:045->>>>-发送-68 00 00 07 00 16 
11:39:17:111-<<<<-接收-68 00 1C 87 01 00 00 02 01 00 00 00 55 00 00 00 00 66 02 01 02 00 01 00 22 22 22 22 22 12 04 02 87 16 
11:39:19:133-<<<<-接收-68 00 28 87 02 00 00 03 03 00 01 00 55 33 33 33 33 66 04 02 04 00 01 00 22 44 44 44 44 12 04 02 05 00 01 00 22 55 55 55 55 12 04 02 79 16 
11:39:21:121-<<<<-接收-68 00 10 87 04 01 00 01 06 00 04 00 55 66 66 66 66 66 04 03 6A 16 
11:39:48:689->>>>-发送-68 00 00 07 00 16 
11:39:50:383-<<<<-接收-68 00 1C 87 01 00 00 02 01 00 00 00 55 00 00 00 00 66 02 01 02 00 01 00 22 22 22 22 22 12 04 02 87 16 
11:39:50:407-<<<<-接收-68 00 28 87 02 00 00 03 03 00 01 00 55 33 33 33 33 66 04 02 04 00 01 00 22 44 44 44 44 12 04 02 05 00 01 00 22 55 55 55 55 12 04 02 79 16 
11:39:50:432-<<<<-接收-68 00 10 87 03 00 00 01 06 00 04 00 55 66 66 66 66 66 04 03 68 16 
11:39:50:456-<<<<-接收-68 00 10 87 04 00 00 01 07 00 06 00 55 77 66 66 66 66 04 04 7E 16 
11:39:50:463-<<<<-接收-68 00 10 87 05 00 00 01 08 00 07 00 55 88 66 66 66 66 04 05 93 16 
11:39:50:503-<<<<-接收-68 00 10 87 06 00 00 01 09 00 08 00 55 99 66 66 66 66 04 06 A8 16 
11:39:50:527-<<<<-接收-68 00 10 87 07 00 00 01 0A 00 09 00 55 11 66 66 66 66 04 07 24 16 
11:39:50:550-<<<<-接收-68 00 10 87 08 00 00 01 0B 00 0A 00 55 13 66 66 66 66 04 08 2A 16 
11:39:50:575-<<<<-接收-68 00 10 87 09 00 00 01 0C 00 0B 00 55 14 66 66 66 66 04 09 2F 16 
11:39:50:601-<<<<-接收-68 00 10 87 0A 00 00 01 0D 00 0C 00 55 15 66 66 66 66 04 0A 34 16 
11:39:50:627-<<<<-接收-68 00 10 87 0B 01 00 01 0E 00 0D 00 55 16 66 66 66 66 04 0B 3A 16 
17:50:21:273->>>>-发送-68 00 00 07 00 16 
17:50:23:550-<<<<-接收-68 00 1C 87 01 00 00 02 01 00 00 00 55 00 00 00 00 66 02 01 02 00 01 00 22 22 22 22 22 12 04 02 87 16 
17:50:23:576-<<<<-接收-68 00 28 87 02 00 00 03 03 00 01 00 55 33 33 33 33 66 04 02 04 00 01 00 22 44 44 44 44 12 04 02 05 00 01 00 22 55 55 55 55 12 04 02 79 16 
17:50:23:604-<<<<-接收-68 00 10 87 03 00 00 01 06 00 04 00 55 66 66 66 66 66 04 03 68 16 
17:50:23:611-<<<<-接收-68 00 10 87 04 00 00 01 07 00 06 00 55 77 66 66 66 66 04 04 7E 16 
17:50:23:636-<<<<-接收-68 00 10 87 05 00 00 01 08 00 07 00 55 88 66 66 66 66 04 05 93 16 
17:50:23:659-<<<<-接收-68 00 10 87 06 00 00 01 09 00 08 00 55 99 66 66 66 66 04 06 A8 16 
17:50:23:684-<<<<-接收-68 00 10 87 07 00 00 01 0A 00 09 00 55 11 66 66 66 66 04 07 24 16 
17:50:23:713-<<<<-接收-68 00 10 87 08 00 00 01 0B 00 0A 00 55 13 66 66 66 66 04 08 2A 16 
17:50:23:742-<<<<-接收-68 00 10 87 09 00 00 01 0C 00 0B 00 55 14 66 66 66 66 04 09 2F 16 
17:50:23:748-<<<<-接收-68 00 10 87 0A 00 00 01 0D 00 0C 00 55 15 66 66 66 66 04 0A 34 16 
17:50:23:794-<<<<-接收-68 00 10 87 0B 01 00 01 0E 00 0D 00 55 16 66 66 66 66 04 0B 3A 16 
