00:06:33:555->>>>-发送-68 0F 00 43 01 00 00 00 00 00 01 01 00 46 16 
00:08:26:868->>>>-发送-68 0F 00 43 01 00 00 00 00 00 01 01 00 46 16 
00:09:05:544->>>>-发送-68 0F 00 43 01 00 00 00 00 00 01 01 00 46 16 
00:17:34:659->>>>-发送-20 31 32 33 
00:19:49:546->>>>-发送-31 31 31 31 
00:21:27:883->>>>-发送-31 31 31 
00:22:01:254->>>>-发送-68 0F 00 43 01 00 00 00 00 00 01 01 00 46 16 
00:22:04:077-<<<<-接收-68 15 00 83 00 00 00 00 00 00 00 01 00 00 00 00 00 00 00 84 16 
09:52:32:547->>>>-发送-31 31 31 31 
09:53:01:011->>>>-发送-31 31 31 31 
09:53:02:105-<<<<-接收-68 15 00 83 00 00 00 00 00 00 00 01 00 00 00 00 00 00 00 84 16 
09:53:22:033->>>>-发送-31 31 31 31 
09:53:23:218-<<<<-接收-68 15 00 83 00 00 00 00 00 00 00 01 00 00 00 00 00 00 00 84 16 
09:53:25:170->>>>-发送-31 31 31 31 
09:53:28:263-<<<<-接收-68 15 00 83 00 00 00 00 00 00 00 01 00 00 00 00 00 00 00 84 16 
10:10:49:578->>>>-发送-31 31 32 32 32 33 
10:11:40:698->>>>-发送-31 31 32 32 32 33 
10:12:49:138->>>>-发送-31 31 31 
10:12:51:402->>>>-发送-31 31 31 
10:12:53:528->>>>-发送-31 31 31 
10:12:56:123->>>>-发送-31 31 31 
10:17:04:882->>>>-发送-31 32 33 
10:17:05:936-<<<<-接收-68 15 00 83 00 00 00 00 00 00 00 01 00 00 00 00 00 00 00 84 16 
10:21:44:044->>>>-发送-31 31 31 31 31 31 
10:21:45:448-<<<<-接收-68 15 00 83 00 00 00 00 00 00 00 01 00 00 00 00 00 00 00 84 16 
10:21:48:455->>>>-发送-31 31 31 31 31 31 
11:15:20:819->>>>-发送-31 31 31 31 31 31 
11:15:21:987-<<<<-接收-68 15 00 83 00 00 00 00 00 00 00 01 00 00 00 00 00 00 00 84 16 
11:16:19:076->>>>-发送-31 31 31 31 
11:16:21:155-<<<<-接收-68 15 00 83 00 00 00 00 00 00 00 01 00 00 00 00 00 00 00 84 16 
11:34:55:868->>>>-发送-31 31 31 
11:35:29:476->>>>-发送-31 31 31 31 
