20:29:31:588->>>>-发送-68 0F 00 C3 01 00 00 00 00 00 F0 20 03 D7 16 
20:29:33:696-<<<<-接收-68 17 00 C3 00 00 00 00 00 07 F0 04 03 01 17 00 00 00 00 00 01 DA 16 
20:30:00:955->>>>-发送-68 10 00 C3 01 00 00 00 00 01 F0 80 03 01 39 16 
20:30:01:040-<<<<-接收-68 15 00 83 00 00 00 00 06 01 00 01 00 00 00 00 00 00 00 8B 16 
20:30:38:891->>>>-发送-68 2C 00 C3 05 00 00 00 00 02 01 BE BE BE BE BE 17 00 00 00 00 00 F0 80 00 0F 00 68 0F 00 43 01 00 00 00 00 00 10 01 00 55 16 4E 16 
20:30:39:307-<<<<-接收-68 30 00 83 04 00 00 00 00 02 17 00 00 00 00 00 01 BE BE BE BE BE F0 80 00 13 00 68 13 00 83 00 00 00 00 00 00 10 01 00 0C 00 F8 07 9F 16 A9 16 
20:30:39:321->>>>-发送-68 2F 00 C3 05 00 00 00 00 03 01 BE BE BE BE BE 17 00 00 00 00 00 F0 80 00 12 00 68 12 00 43 01 00 00 00 00 00 F0 80 03 01 00 01 B9 16 1D 16 
20:30:40:151-<<<<-接收-68 80 00 83 04 00 00 00 00 03 17 00 00 00 00 00 01 BE BE BE BE BE F0 80 00 63 00 68 63 00 83 00 00 00 00 00 00 F0 80 03 31 00 00 00 00 00 00 00 00 00 00 00 00 00 00 00 00 00 26 00 00 00 00 00 00 00 16 00 00 00 59 00 00 00 32 00 00 00 12 00 5F 00 00 00 27 00 00 00 06 00 00 00 0A 00 00 00 07 00 00 00 03 00 00 00 03 00 00 00 08 00 00 00 0B 00 00 00 5F 00 00 00 0F 00 00 00 24 16 54 16 
20:30:40:305->>>>-发送-68 2F 00 C3 05 00 00 00 00 04 01 BE BE BE BE BE 17 00 00 00 00 00 F0 80 00 12 00 68 12 00 43 01 00 00 00 00 00 F0 80 03 02 00 01 BA 16 20 16 
20:30:41:210-<<<<-接收-68 80 00 83 04 00 00 00 00 04 17 00 00 00 00 00 01 BE BE BE BE BE F0 80 00 63 00 68 63 00 83 00 00 00 00 00 00 F0 80 03 32 00 00 00 00 00 00 00 00 00 00 00 00 00 00 00 00 00 26 00 00 00 00 00 00 00 17 00 00 00 5B 00 00 00 22 00 00 00 30 00 5A 00 00 00 28 00 00 00 08 00 00 00 0A 00 00 00 07 00 00 00 07 00 00 00 03 00 00 00 03 00 00 00 08 00 00 00 0E 00 00 00 32 00 00 00 02 16 11 16 
20:30:41:349->>>>-发送-68 2F 00 C3 05 00 00 00 00 05 01 BE BE BE BE BE 17 00 00 00 00 00 F0 80 00 12 00 68 12 00 43 01 00 00 00 00 00 F0 80 03 03 00 01 BB 16 23 16 
20:30:42:062-<<<<-接收-68 80 00 83 04 00 00 00 00 05 17 00 00 00 00 00 01 BE BE BE BE BE F0 80 00 63 00 68 63 00 83 00 00 00 00 00 00 F0 80 03 33 00 00 00 00 00 00 00 00 00 00 00 00 00 00 00 00 00 38 00 00 00 00 00 00 00 24 00 00 00 5C 00 00 00 09 00 00 00 09 00 77 00 00 00 28 00 00 00 08 00 00 00 0A 00 00 00 07 00 00 00 03 00 00 00 04 00 00 00 09 00 00 00 77 00 00 00 0F 00 00 00 0F 00 00 00 50 16 AE 16 
20:30:42:288->>>>-发送-68 2F 00 C3 05 00 00 00 00 06 01 BE BE BE BE BE 17 00 00 00 00 00 F0 80 00 12 00 68 12 00 43 01 00 00 00 00 00 F0 80 03 04 00 01 BC 16 26 16 
20:30:43:045-<<<<-接收-68 80 00 83 04 00 00 00 00 06 17 00 00 00 00 00 01 BE BE BE BE BE F0 80 00 63 00 68 63 00 83 00 00 00 00 00 00 F0 80 03 34 00 00 00 00 00 00 00 00 00 00 00 00 00 00 00 00 00 44 00 00 00 00 00 00 00 30 00 00 00 5C 00 00 00 0A 00 00 00 1D 00 AF 00 00 00 28 00 00 00 07 00 00 00 0A 00 00 00 06 00 00 00 03 00 00 00 03 00 00 00 08 00 00 00 AF 00 00 00 32 00 00 00 13 00 00 00 11 16 31 16 
20:30:43:207->>>>-发送-68 2F 00 C3 05 00 00 00 00 07 01 BE BE BE BE BE 17 00 00 00 00 00 F0 80 00 12 00 68 12 00 43 01 00 00 00 00 00 F0 80 03 05 00 01 BD 16 29 16 
20:30:44:038-<<<<-接收-68 80 00 83 04 00 00 00 00 07 17 00 00 00 00 00 01 BE BE BE BE BE F0 80 00 63 00 68 63 00 83 00 00 00 00 00 00 F0 80 03 35 00 00 00 00 00 00 00 00 00 00 00 00 00 00 00 00 00 2B 00 00 00 00 00 00 00 10 00 00 00 90 00 00 00 0B 00 00 00 02 00 C0 00 00 00 2B 00 00 00 05 00 00 00 8B 00 00 00 C0 00 00 00 0F 00 00 00 0F 00 00 00 07 00 00 00 09 00 00 00 06 00 00 00 03 00 00 00 75 16 FA 16 
20:30:44:330->>>>-发送-68 2F 00 C3 05 00 00 00 00 08 01 BE BE BE BE BE 17 00 00 00 00 00 F0 80 00 12 00 68 12 00 43 01 00 00 00 00 00 F0 80 03 06 00 01 BE 16 2C 16 
20:30:45:300-<<<<-接收-68 80 00 83 04 00 00 00 00 08 17 00 00 00 00 00 01 BE BE BE BE BE F0 80 00 63 00 68 63 00 83 00 00 00 00 00 00 F0 80 03 36 00 00 00 00 00 00 00 00 00 00 00 00 00 00 00 00 00 3A 00 00 00 00 00 00 00 24 00 00 00 70 00 00 00 08 00 00 00 1D 00 69 00 00 00 28 00 00 00 06 00 00 00 0A 00 00 00 07 00 00 00 07 00 00 00 03 00 00 00 03 00 00 00 08 00 00 00 0B 00 00 00 0E 00 00 00 F5 16 FB 16 
20:30:45:446->>>>-发送-68 2F 00 C3 05 00 00 00 00 09 01 BE BE BE BE BE 17 00 00 00 00 00 F0 80 00 12 00 68 12 00 43 01 00 00 00 00 00 F0 80 03 07 00 01 BF 16 2F 16 
20:30:46:690-<<<<-接收-68 80 00 83 04 00 00 00 00 09 17 00 00 00 00 00 01 BE BE BE BE BE F0 80 00 63 00 68 63 00 83 00 00 00 00 00 00 F0 80 03 37 00 00 00 00 00 00 00 00 00 00 00 00 00 00 00 00 00 46 00 00 00 00 00 00 00 14 00 00 00 71 00 00 00 0F 00 00 00 13 00 AF 01 00 00 DA 00 00 00 0D 00 00 00 0D 00 00 00 BD 00 00 00 AF 01 00 00 0D 00 00 00 2E 00 00 00 33 01 00 00 0D 00 00 00 17 00 00 00 BE 16 8E 16 
20:30:46:832->>>>-发送-68 2F 00 C3 05 00 00 00 00 0A 01 BE BE BE BE BE 17 00 00 00 00 00 F0 80 00 12 00 68 12 00 43 01 00 00 00 00 00 F0 80 03 08 00 01 C0 16 32 16 
20:30:47:575-<<<<-接收-68 80 00 83 04 00 00 00 00 0A 17 00 00 00 00 00 01 BE BE BE BE BE F0 80 00 63 00 68 63 00 83 00 00 00 00 00 00 F0 80 03 41 00 00 00 00 00 00 00 00 00 00 00 00 00 00 00 00 00 28 00 00 00 00 00 00 00 06 00 00 00 75 00 00 00 02 00 00 00 03 00 B9 01 00 00 2A 00 00 00 02 00 00 00 03 00 00 00 02 00 00 00 03 00 00 00 D4 00 00 00 B9 01 00 00 02 00 00 00 03 00 00 00 45 01 00 00 A6 16 5F 16 
20:30:47:719->>>>-发送-68 2F 00 C3 05 00 00 00 00 0B 01 BE BE BE BE BE 17 00 00 00 00 00 F0 80 00 12 00 68 12 00 43 01 00 00 00 00 00 F0 80 03 09 00 01 C1 16 35 16 
20:30:48:524-<<<<-接收-68 80 00 83 04 00 00 00 00 0B 17 00 00 00 00 00 01 BE BE BE BE BE F0 80 00 63 00 68 63 00 83 00 00 00 00 00 00 F0 80 03 42 00 00 00 00 00 00 00 00 00 00 00 00 00 00 00 00 00 0E 00 00 00 00 00 00 00 02 00 00 00 19 00 00 00 00 00 00 00 00 00 2A 00 00 00 2A 00 00 00 07 00 00 00 0A 00 00 00 07 00 00 00 03 00 00 00 03 00 00 00 08 00 00 00 02 00 00 00 03 00 00 00 0C 00 00 00 EC 16 EC 16 
20:30:48:688->>>>-发送-68 2F 00 C3 05 00 00 00 00 0C 01 BE BE BE BE BE 17 00 00 00 00 00 F0 80 00 12 00 68 12 00 43 01 00 00 00 00 00 F0 80 03 0A 00 01 C2 16 38 16 
20:30:49:531-<<<<-接收-68 80 00 83 04 00 00 00 00 0C 17 00 00 00 00 00 01 BE BE BE BE BE F0 80 00 63 00 68 63 00 83 00 00 00 00 00 00 F0 80 03 43 00 00 00 00 00 00 00 00 00 00 00 00 00 00 00 00 00 29 00 00 00 00 00 00 00 0B 00 00 00 78 00 00 00 10 00 00 00 02 00 B9 01 00 00 2A 00 00 00 02 00 00 00 03 00 00 00 D5 00 00 00 B9 01 00 00 03 00 00 00 03 00 00 00 48 01 00 00 03 00 00 00 03 00 00 00 C4 16 9D 16 
20:30:49:695->>>>-发送-68 2F 00 C3 05 00 00 00 00 0D 01 BE BE BE BE BE 17 00 00 00 00 00 F0 80 00 12 00 68 12 00 43 01 00 00 00 00 00 F0 80 03 0B 00 01 C3 16 3B 16 
20:30:50:565-<<<<-接收-68 80 00 83 04 00 00 00 00 0D 17 00 00 00 00 00 01 BE BE BE BE BE F0 80 00 63 00 68 63 00 83 00 00 00 00 00 00 F0 80 03 44 00 00 00 00 00 00 00 00 00 00 00 00 00 00 00 00 00 01 00 00 00 00 00 00 00 00 00 00 00 0E 00 00 00 00 00 00 00 00 00 28 00 00 00 28 00 00 00 00 00 00 00 00 00 00 00 00 00 00 00 00 00 00 00 00 00 00 00 00 00 00 00 00 00 00 00 00 00 00 00 00 00 00 00 99 16 48 16 
20:30:50:711->>>>-发送-68 2F 00 C3 05 00 00 00 00 0E 01 BE BE BE BE BE 17 00 00 00 00 00 F0 80 00 12 00 68 12 00 43 01 00 00 00 00 00 F0 80 03 0C 00 01 C4 16 3E 16 
20:30:51:574-<<<<-接收-68 80 00 83 04 00 00 00 00 0E 17 00 00 00 00 00 01 BE BE BE BE BE F0 80 00 63 00 68 63 00 83 00 00 00 00 00 00 F0 80 03 45 00 00 00 00 00 00 00 00 00 00 00 00 00 00 00 00 00 45 00 00 00 00 00 00 00 23 00 00 00 99 00 00 00 09 00 00 00 05 00 86 03 00 00 2A 00 00 00 02 00 00 00 03 00 00 00 02 00 00 00 03 00 00 00 86 03 00 00 46 01 00 00 03 00 00 00 03 00 00 00 0F 00 00 00 EC 16 EF 16 
