15:57:08:481->>>>-发送-68 17 00 43 01 00 00 00 00 00 11 01 00 01 01 00 00 00 00 00 02 5A 16 
16:14:39:709->>>>-发送-68 17 00 43 01 00 00 00 00 00 11 01 00 01 11 11 11 11 11 11 02 BF 16 
16:18:04:557->>>>-发送-68 16 00 43 01 00 00 00 00 00 11 02 00 01 66 66 16 11 11 11 6D 16 
17:00:55:656->>>>-发送-68 2F 00 43 05 00 00 00 00 00 00 00 00 00 00 00 11 11 11 11 11 11 13 01 00 02 00 00 10 68 11 11 11 11 11 11 68 11 04 33 33 34 33 18 16 1A 16 
17:01:06:358->>>>-发送-68 2F 00 43 05 00 00 00 00 01 00 00 00 00 00 00 11 11 11 11 11 11 13 01 00 02 00 00 10 68 11 11 11 11 11 11 68 11 04 33 33 34 33 18 16 1B 16 
17:01:17:037->>>>-发送-68 2F 00 43 05 00 00 00 00 02 00 00 00 00 00 00 11 11 11 11 11 11 13 01 00 02 00 00 10 68 11 11 11 11 11 11 68 11 04 33 33 34 33 18 16 1C 16 
17:05:51:567->>>>-发送-68 2F 00 43 05 00 00 00 00 00 00 00 00 00 00 00 11 11 11 11 11 11 13 01 00 02 00 00 10 68 11 11 11 11 11 11 68 11 04 33 33 34 33 18 16 1A 16 
17:06:02:252->>>>-发送-68 2F 00 43 05 00 00 00 00 01 00 00 00 00 00 00 22 22 22 22 22 22 13 01 00 02 00 00 10 68 22 22 22 22 22 22 68 11 04 33 33 34 33 7E 16 4D 16 
17:06:31:840->>>>-发送-68 17 00 43 01 00 00 00 00 02 11 01 00 01 11 11 11 11 11 11 02 C1 16 
17:06:37:191->>>>-发送-68 17 00 43 01 00 00 00 00 03 11 01 00 01 22 22 22 22 22 22 02 28 16 
17:06:46:384->>>>-发送-68 2F 00 43 05 00 00 00 00 04 00 00 00 00 00 00 11 11 11 11 11 11 13 01 00 02 00 00 10 68 11 11 11 11 11 11 68 11 04 33 33 34 33 18 16 1E 16 
