10:30:36:118->>>>-发送-68 0F 00 43 01 00 00 00 00 00 10 01 00 55 16 
21:06:33:447->>>>-发送-68 2C 00 C3 05 00 00 00 00 00 01 BE BE BE BE BE CC CC CC CC CC CC F0 80 00 0F 00 68 0F 00 43 01 00 00 00 00 00 10 01 00 55 16 FD 16 
21:06:34:973-<<<<-接收-68 2D 00 83 04 00 00 00 00 2A 05 00 00 00 00 00 01 BE BE BE BE BE F0 80 00 10 00 68 10 00 83 00 00 00 00 52 00 00 02 00 0C E3 16 41 16 
21:06:54:102->>>>-发送-68 2C 00 C3 05 00 00 00 00 01 01 BE BE BE BE BE CC CC CC CC CC CC F0 80 00 0F 00 68 0F 00 43 01 00 00 00 00 00 10 01 00 55 16 FE 16 
21:06:56:412-<<<<-接收-68 7A 00 83 04 00 00 00 00 29 05 00 00 00 00 00 01 BE BE BE BE BE F0 80 00 5D 00 68 5D 00 83 00 00 00 00 00 00 F0 80 03 00 00 00 00 00 00 00 00 07 00 00 00 00 00 00 00 00 00 00 00 06 00 00 00 00 00 00 00 00 00 45 00 00 00 00 00 45 00 00 00 03 00 00 00 03 00 00 00 02 00 00 00 03 00 00 00 02 00 00 00 00 00 00 00 00 00 00 00 00 00 00 00 00 00 00 00 00 00 9A 16 48 16 
21:10:49:152->>>>-发送-68 0F 00 C3 01 00 00 00 00 00 F0 20 03 D7 16 
21:10:51:323-<<<<-接收-68 17 00 C3 00 00 00 00 00 01 F0 04 03 01 05 00 00 00 00 00 01 C2 16 
21:10:52:534->>>>-发送-68 10 00 C3 01 00 00 00 00 01 F0 80 03 01 39 16 
21:10:52:642-<<<<-接收-68 15 00 83 00 00 00 00 06 01 00 01 00 00 00 00 00 00 00 8B 16 
21:11:00:794->>>>-发送-68 2C 00 C3 05 00 00 00 00 02 01 BE BE BE BE BE 05 00 00 00 00 00 F0 80 00 0F 00 68 0F 00 43 01 00 00 00 00 00 10 01 00 55 16 3C 16 
21:11:01:041-<<<<-接收-68 30 00 83 04 00 00 00 00 02 05 00 00 00 00 00 01 BE BE BE BE BE F0 80 00 13 00 68 13 00 83 00 00 00 00 00 00 10 01 00 05 00 F8 07 98 16 89 16 
21:11:01:080->>>>-发送-68 2F 00 C3 05 00 00 00 00 03 01 BE BE BE BE BE 05 00 00 00 00 00 F0 80 00 12 00 68 12 00 43 01 00 00 00 00 00 F0 80 03 01 00 01 B9 16 0B 16 
21:11:01:341-<<<<-接收-68 2D 00 83 04 00 00 00 00 03 05 00 00 00 00 00 01 BE BE BE BE BE F0 80 00 10 00 68 10 00 83 F8 F0 00 00 00 00 00 02 00 0C 79 16 46 16 
21:11:01:362->>>>-发送-68 2F 00 C3 05 00 00 00 00 04 01 BE BE BE BE BE 05 00 00 00 00 00 F0 80 00 12 00 68 12 00 43 01 00 00 00 00 00 F0 80 03 02 00 01 BA 16 0E 16 
21:11:01:694-<<<<-接收-68 2D 00 83 04 00 00 00 00 04 05 00 00 00 00 00 01 BE BE BE BE BE F0 80 00 10 00 68 10 00 83 00 20 00 00 06 00 00 02 00 0C B7 16 C3 16 
21:11:01:705->>>>-发送-68 2F 00 C3 05 00 00 00 00 05 01 BE BE BE BE BE 05 00 00 00 00 00 F0 80 00 12 00 68 12 00 43 01 00 00 00 00 00 F0 80 03 03 00 01 BB 16 11 16 
21:11:02:888-<<<<-接收-68 7A 00 83 04 00 00 00 00 05 05 00 00 00 00 00 01 BE BE BE BE BE F0 80 00 5D 00 68 5D 00 83 00 00 00 00 00 00 F0 80 03 00 00 00 00 00 00 00 00 0B 00 00 00 00 00 00 00 00 00 00 00 0E 00 00 00 00 00 00 00 00 00 45 00 00 00 00 00 03 00 00 00 07 00 00 00 05 00 00 00 05 00 00 00 45 00 00 00 03 00 00 00 03 00 00 00 02 00 00 00 03 00 00 00 00 00 00 00 00 00 B8 16 60 16 
21:11:02:974->>>>-发送-68 2F 00 C3 05 00 00 00 00 06 01 BE BE BE BE BE 05 00 00 00 00 00 F0 80 00 12 00 68 12 00 43 01 00 00 00 00 00 F0 80 03 04 00 01 BC 16 14 16 
21:11:13:799->>>>-发送-68 2F 00 C3 05 00 00 00 00 07 01 BE BE BE BE BE 05 00 00 00 00 00 F0 80 00 12 00 68 12 00 43 01 00 00 00 00 00 F0 80 03 05 00 01 BD 16 17 16 
21:11:16:272-<<<<-接收-68 1D 00 83 04 00 00 00 00 06 05 00 00 00 00 00 01 BE BE BE BE BE F0 80 00 00 00 B9 16 
21:14:39:835->>>>-发送-68 2C 00 C3 05 00 00 00 00 00 01 BE BE BE BE BE CC CC CC CC CC CC F0 80 00 0F 00 68 0F 00 43 01 00 00 00 00 00 10 01 00 55 16 FD 16 
21:14:55:015->>>>-发送-68 0F 00 C3 01 00 00 00 00 01 F0 20 03 D8 16 
21:14:57:133-<<<<-接收-68 17 00 C3 00 00 00 00 00 03 F0 04 03 01 05 00 00 00 00 00 01 C4 16 
21:14:58:375->>>>-发送-68 10 00 C3 01 00 00 00 00 02 F0 80 03 01 3A 16 
21:14:58:482-<<<<-接收-68 15 00 83 00 00 00 00 06 02 00 01 00 00 00 00 00 00 00 8C 16 
21:15:02:249->>>>-发送-68 2C 00 C3 05 00 00 00 00 03 01 BE BE BE BE BE 05 00 00 00 00 00 F0 80 00 0F 00 68 0F 00 43 01 00 00 00 00 00 10 01 00 55 16 3D 16 
21:15:02:516-<<<<-接收-68 30 00 83 04 00 00 00 00 03 05 00 00 00 00 00 01 BE BE BE BE BE F0 80 00 13 00 68 13 00 83 00 00 00 00 00 00 10 01 00 05 00 F8 07 98 16 8A 16 
21:15:02:563->>>>-发送-68 2F 00 C3 05 00 00 00 00 04 01 BE BE BE BE BE 05 00 00 00 00 00 F0 80 00 12 00 68 12 00 43 01 00 00 00 00 00 F0 80 03 01 00 01 B9 16 0C 16 
21:15:02:830-<<<<-接收-68 2D 00 83 04 00 00 00 00 04 05 00 00 00 00 00 01 BE BE BE BE BE F0 80 00 10 00 68 10 00 83 F8 F0 00 00 00 00 00 02 00 0C 79 16 47 16 
21:15:02:863->>>>-发送-68 2F 00 C3 05 00 00 00 00 05 01 BE BE BE BE BE 05 00 00 00 00 00 F0 80 00 12 00 68 12 00 43 01 00 00 00 00 00 F0 80 03 02 00 01 BA 16 0F 16 
21:15:03:137-<<<<-接收-68 2D 00 83 04 00 00 00 00 05 05 00 00 00 00 00 01 BE BE BE BE BE F0 80 00 10 00 68 10 00 83 00 20 00 00 06 00 00 02 00 0C B7 16 C4 16 
21:15:03:147->>>>-发送-68 2F 00 C3 05 00 00 00 00 06 01 BE BE BE BE BE 05 00 00 00 00 00 F0 80 00 12 00 68 12 00 43 01 00 00 00 00 00 F0 80 03 03 00 01 BB 16 12 16 
21:15:04:271-<<<<-接收-68 7A 00 83 04 00 00 00 00 06 05 00 00 00 00 00 01 BE BE BE BE BE F0 80 00 5D 00 68 5D 00 83 00 00 00 00 00 00 F0 80 03 00 00 00 00 00 00 00 00 0B 00 00 00 00 00 00 00 00 00 00 00 0E 00 00 00 00 00 00 00 00 00 45 00 00 00 00 00 03 00 00 00 07 00 00 00 05 00 00 00 05 00 00 00 45 00 00 00 03 00 00 00 03 00 00 00 02 00 00 00 03 00 00 00 00 00 00 00 00 00 B8 16 61 16 
21:15:04:415->>>>-发送-68 2F 00 C3 05 00 00 00 00 07 01 BE BE BE BE BE 05 00 00 00 00 00 F0 80 00 12 00 68 12 00 43 01 00 00 00 00 00 F0 80 03 04 00 01 BC 16 15 16 
21:15:04:715-<<<<-接收-68 2D 00 83 04 00 00 00 00 07 05 00 00 00 00 00 01 BE BE BE BE BE F0 80 00 10 00 68 10 00 83 00 00 00 00 0C 00 00 02 00 0C 9D 16 92 16 
21:15:04:724->>>>-发送-68 2F 00 C3 05 00 00 00 00 08 01 BE BE BE BE BE 05 00 00 00 00 00 F0 80 00 12 00 68 12 00 43 01 00 00 00 00 00 F0 80 03 05 00 01 BD 16 18 16 
21:15:05:031-<<<<-接收-68 2D 00 83 04 00 00 00 00 08 05 00 00 00 00 00 01 BE BE BE BE BE F0 80 00 10 00 68 10 00 83 00 20 00 00 06 00 00 02 00 0C B7 16 C7 16 
21:17:36:398->>>>-发送-68 0F 00 C3 01 00 00 00 00 00 F0 20 03 D7 16 
21:17:38:522-<<<<-接收-68 17 00 C3 00 00 00 00 00 05 F0 04 03 01 05 00 00 00 00 00 01 C6 16 
21:17:40:269->>>>-发送-68 10 00 C3 01 00 00 00 00 01 F0 80 03 01 39 16 
21:17:40:366-<<<<-接收-68 15 00 83 00 00 00 00 06 01 00 01 00 00 00 00 00 00 00 8B 16 
21:17:49:746->>>>-发送-68 2C 00 C3 05 00 00 00 00 02 01 BE BE BE BE BE 05 00 00 00 00 00 F0 80 00 0F 00 68 0F 00 43 01 00 00 00 00 00 10 01 00 55 16 3C 16 
21:17:50:084-<<<<-接收-68 30 00 83 04 00 00 00 00 02 05 00 00 00 00 00 01 BE BE BE BE BE F0 80 00 13 00 68 13 00 83 00 00 00 00 00 00 10 01 00 05 00 F8 07 98 16 89 16 
21:17:50:103->>>>-发送-68 2F 00 C3 05 00 00 00 00 03 01 BE BE BE BE BE 05 00 00 00 00 00 F0 80 00 12 00 68 12 00 43 01 00 00 00 00 00 F0 80 03 01 00 01 B9 16 0B 16 
21:17:50:417-<<<<-接收-68 2D 00 83 04 00 00 00 00 03 05 00 00 00 00 00 01 BE BE BE BE BE F0 80 00 10 00 68 10 00 83 F8 F0 00 00 00 00 00 02 00 0C 79 16 46 16 
21:17:50:428->>>>-发送-68 2F 00 C3 05 00 00 00 00 04 01 BE BE BE BE BE 05 00 00 00 00 00 F0 80 00 12 00 68 12 00 43 01 00 00 00 00 00 F0 80 03 02 00 01 BA 16 0E 16 
21:17:50:783-<<<<-接收-68 2D 00 83 04 00 00 00 00 04 05 00 00 00 00 00 01 BE BE BE BE BE F0 80 00 10 00 68 10 00 83 00 20 00 00 06 00 00 02 00 0C B7 16 C3 16 
21:17:50:789->>>>-发送-68 2F 00 C3 05 00 00 00 00 05 01 BE BE BE BE BE 05 00 00 00 00 00 F0 80 00 12 00 68 12 00 43 01 00 00 00 00 00 F0 80 03 03 00 01 BB 16 11 16 
21:17:51:940-<<<<-接收-68 7A 00 83 04 00 00 00 00 05 05 00 00 00 00 00 01 BE BE BE BE BE F0 80 00 5D 00 68 5D 00 83 00 00 00 00 00 00 F0 80 03 00 00 00 00 00 00 00 00 0B 00 00 00 00 00 00 00 00 00 00 00 0E 00 00 00 00 00 00 00 00 00 45 00 00 00 00 00 03 00 00 00 07 00 00 00 05 00 00 00 05 00 00 00 45 00 00 00 03 00 00 00 03 00 00 00 02 00 00 00 03 00 00 00 00 00 00 00 00 00 B8 16 60 16 
21:17:52:026->>>>-发送-68 2F 00 C3 05 00 00 00 00 06 01 BE BE BE BE BE 05 00 00 00 00 00 F0 80 00 12 00 68 12 00 43 01 00 00 00 00 00 F0 80 03 04 00 01 BC 16 14 16 
21:17:52:361-<<<<-接收-68 2D 00 83 04 00 00 00 00 06 05 00 00 00 00 00 01 BE BE BE BE BE F0 80 00 10 00 68 10 00 83 F8 F0 00 00 00 00 00 02 00 0C 79 16 49 16 
21:17:52:371->>>>-发送-68 2F 00 C3 05 00 00 00 00 07 01 BE BE BE BE BE 05 00 00 00 00 00 F0 80 00 12 00 68 12 00 43 01 00 00 00 00 00 F0 80 03 05 00 01 BD 16 17 16 
21:17:52:700-<<<<-接收-68 2D 00 83 04 00 00 00 00 07 05 00 00 00 00 00 01 BE BE BE BE BE F0 80 00 10 00 68 10 00 83 00 20 00 00 06 00 00 02 00 0C B7 16 C6 16 
21:19:43:855->>>>-发送-68 0F 00 C3 01 00 00 00 00 00 F0 20 03 D7 16 
21:19:46:014-<<<<-接收-68 17 00 C3 00 00 00 00 00 07 F0 04 03 01 05 00 00 00 00 00 01 C8 16 
21:19:47:530->>>>-发送-68 10 00 C3 01 00 00 00 00 01 F0 80 03 01 39 16 
21:19:47:628-<<<<-接收-68 15 00 83 00 00 00 00 FE 01 00 01 00 00 00 00 00 00 00 83 16 
21:19:52:930->>>>-发送-68 2C 00 C3 05 00 00 00 00 02 01 BE BE BE BE BE 05 00 00 00 00 00 F0 80 00 0F 00 68 0F 00 43 01 00 00 00 00 00 10 01 00 55 16 3C 16 
21:19:53:199-<<<<-接收-68 30 00 83 04 00 00 00 00 02 05 00 00 00 00 00 01 BE BE BE BE BE F0 80 00 13 00 68 13 00 83 00 00 00 00 00 00 10 01 00 05 00 F8 07 98 16 89 16 
21:19:53:261->>>>-发送-68 2F 00 C3 05 00 00 00 00 03 01 BE BE BE BE BE 05 00 00 00 00 00 F0 80 00 12 00 68 12 00 43 01 00 00 00 00 00 F0 80 03 01 00 01 B9 16 0B 16 
21:19:53:554-<<<<-接收-68 2D 00 83 04 00 00 00 00 03 05 00 00 00 00 00 01 BE BE BE BE BE F0 80 00 10 00 68 10 00 83 00 00 00 00 00 00 00 02 00 0C 91 16 76 16 
21:19:53:589->>>>-发送-68 2F 00 C3 05 00 00 00 00 04 01 BE BE BE BE BE 05 00 00 00 00 00 F0 80 00 12 00 68 12 00 43 01 00 00 00 00 00 F0 80 03 02 00 01 BA 16 0E 16 
21:19:53:963-<<<<-接收-68 2D 00 83 04 00 00 00 00 04 05 00 00 00 00 00 01 BE BE BE BE BE F0 80 00 10 00 68 10 00 83 00 20 00 00 06 00 00 02 00 0C B7 16 C3 16 
21:19:53:972->>>>-发送-68 2F 00 C3 05 00 00 00 00 05 01 BE BE BE BE BE 05 00 00 00 00 00 F0 80 00 12 00 68 12 00 43 01 00 00 00 00 00 F0 80 03 03 00 01 BB 16 11 16 
21:19:55:116-<<<<-接收-68 7A 00 83 04 00 00 00 00 05 05 00 00 00 00 00 01 BE BE BE BE BE F0 80 00 5D 00 68 5D 00 83 00 00 00 00 00 00 F0 80 03 00 00 00 00 00 00 00 00 0B 00 00 00 00 00 00 00 00 00 00 00 0E 00 00 00 00 00 00 00 00 00 45 00 00 00 00 00 03 00 00 00 07 00 00 00 05 00 00 00 05 00 00 00 45 00 00 00 03 00 00 00 03 00 00 00 02 00 00 00 03 00 00 00 00 00 00 00 00 00 B8 16 60 16 
21:19:55:205->>>>-发送-68 2F 00 C3 05 00 00 00 00 06 01 BE BE BE BE BE 05 00 00 00 00 00 F0 80 00 12 00 68 12 00 43 01 00 00 00 00 00 F0 80 03 04 00 01 BC 16 14 16 
21:19:55:470-<<<<-接收-68 2D 00 83 04 00 00 00 00 06 05 00 00 00 00 00 01 BE BE BE BE BE F0 80 00 10 00 68 10 00 83 00 00 00 00 1A 00 00 02 00 0C AB 16 AD 16 
21:19:55:477->>>>-发送-68 2F 00 C3 05 00 00 00 00 07 01 BE BE BE BE BE 05 00 00 00 00 00 F0 80 00 12 00 68 12 00 43 01 00 00 00 00 00 F0 80 03 05 00 01 BD 16 17 16 
21:19:55:838-<<<<-接收-68 2D 00 83 04 00 00 00 00 07 05 00 00 00 00 00 01 BE BE BE BE BE F0 80 00 10 00 68 10 00 83 00 20 00 00 06 00 00 02 00 0C B7 16 C6 16 
21:20:10:226->>>>-发送-68 2C 00 C3 05 00 00 00 00 08 01 BE BE BE BE BE 05 00 00 00 00 00 F0 80 00 0F 00 68 0F 00 43 01 00 00 00 00 00 10 01 00 55 16 42 16 
21:20:10:538-<<<<-接收-68 30 00 83 04 00 00 00 00 08 05 00 00 00 00 00 01 BE BE BE BE BE F0 80 00 13 00 68 13 00 83 00 00 00 00 00 00 10 01 00 05 00 F8 07 98 16 8F 16 
21:20:10:589->>>>-发送-68 2F 00 C3 05 00 00 00 00 09 01 BE BE BE BE BE 05 00 00 00 00 00 F0 80 00 12 00 68 12 00 43 01 00 00 00 00 00 F0 80 03 01 00 01 B9 16 11 16 
21:20:10:866-<<<<-接收-68 2D 00 83 04 00 00 00 00 09 05 00 00 00 00 00 01 BE BE BE BE BE F0 80 00 10 00 68 10 00 83 F8 F0 00 00 00 00 00 02 00 0C 79 16 4C 16 
21:20:10:918->>>>-发送-68 2F 00 C3 05 00 00 00 00 0A 01 BE BE BE BE BE 05 00 00 00 00 00 F0 80 00 12 00 68 12 00 43 01 00 00 00 00 00 F0 80 03 02 00 01 BA 16 14 16 
21:20:11:274-<<<<-接收-68 2D 00 83 04 00 00 00 00 0A 05 00 00 00 00 00 01 BE BE BE BE BE F0 80 00 10 00 68 10 00 83 00 20 00 00 06 00 00 02 00 0C B7 16 C9 16 
21:20:11:284->>>>-发送-68 2F 00 C3 05 00 00 00 00 0B 01 BE BE BE BE BE 05 00 00 00 00 00 F0 80 00 12 00 68 12 00 43 01 00 00 00 00 00 F0 80 03 03 00 01 BB 16 17 16 
21:20:12:470-<<<<-接收-68 7A 00 83 04 00 00 00 00 0B 05 00 00 00 00 00 01 BE BE BE BE BE F0 80 00 5D 00 68 5D 00 83 00 00 00 00 00 00 F0 80 03 00 00 00 00 00 00 00 00 0B 00 00 00 00 00 00 00 00 00 00 00 0E 00 00 00 00 00 00 00 00 00 45 00 00 00 00 00 03 00 00 00 07 00 00 00 05 00 00 00 05 00 00 00 45 00 00 00 03 00 00 00 03 00 00 00 02 00 00 00 03 00 00 00 00 00 00 00 00 00 B8 16 66 16 
21:20:12:624->>>>-发送-68 2F 00 C3 05 00 00 00 00 0C 01 BE BE BE BE BE 05 00 00 00 00 00 F0 80 00 12 00 68 12 00 43 01 00 00 00 00 00 F0 80 03 04 00 01 BC 16 1A 16 
21:20:13:046-<<<<-接收-68 2D 00 83 04 00 00 00 00 0C 05 00 00 00 00 00 01 BE BE BE BE BE F0 80 00 10 00 68 10 00 83 00 00 00 00 20 00 00 02 00 0C B1 16 BF 16 
21:20:13:065->>>>-发送-68 2F 00 C3 05 00 00 00 00 0D 01 BE BE BE BE BE 05 00 00 00 00 00 F0 80 00 12 00 68 12 00 43 01 00 00 00 00 00 F0 80 03 05 00 01 BD 16 1D 16 
21:20:13:347-<<<<-接收-68 2D 00 83 04 00 00 00 00 0D 05 00 00 00 00 00 01 BE BE BE BE BE F0 80 00 10 00 68 10 00 83 00 20 00 00 06 00 00 02 00 0C B7 16 CC 16 
21:21:44:375->>>>-发送-68 0F 00 C3 01 00 00 00 00 00 F0 20 03 D7 16 
21:21:46:489-<<<<-接收-68 17 00 C3 00 00 00 00 00 09 F0 04 03 01 05 00 00 00 00 00 01 CA 16 
21:21:47:543->>>>-发送-68 10 00 C3 01 00 00 00 00 01 F0 80 03 01 39 16 
21:21:47:662-<<<<-接收-68 15 00 83 00 00 00 00 06 01 00 01 00 00 00 00 00 00 00 8B 16 
21:21:51:989->>>>-发送-68 32 00 C3 05 00 00 00 00 02 01 BE BE BE BE BE 05 00 00 00 00 00 F0 80 00 15 00 68 15 00 43 01 00 00 00 00 00 F0 10 02 00 00 00 00 00 04 4A 16 32 16 
21:22:09:879->>>>-发送-68 2C 00 C3 05 00 00 00 00 03 01 BE BE BE BE BE 05 00 00 00 00 00 F0 80 00 0F 00 68 0F 00 43 01 00 00 00 00 00 10 01 00 55 16 3D 16 
21:22:46:391->>>>-发送-68 2C 00 C3 05 00 00 00 00 04 01 BE BE BE BE BE 05 00 00 00 00 00 F0 80 00 0F 00 68 0F 00 43 01 00 00 00 00 00 10 01 00 55 16 3E 16 
21:22:55:379-<<<<-接收-FE 
21:23:09:088->>>>-发送-68 0F 00 C3 01 00 00 00 00 00 F0 20 03 D7 16 
21:23:11:200-<<<<-接收-68 17 00 C3 00 00 00 00 00 01 F0 04 03 01 05 00 00 00 00 00 01 C2 16 
21:23:12:294->>>>-发送-68 10 00 C3 01 00 00 00 00 01 F0 80 03 01 39 16 
21:23:12:381-<<<<-接收-68 15 00 83 00 00 00 00 06 01 00 01 00 00 00 00 00 00 00 8B 16 
21:23:16:484->>>>-发送-68 2C 00 C3 05 00 00 00 00 02 01 BE BE BE BE BE 05 00 00 00 00 00 F0 80 00 0F 00 68 0F 00 43 01 00 00 00 00 00 10 01 00 55 16 3C 16 
21:23:16:733-<<<<-接收-68 30 00 83 04 00 00 00 00 02 05 00 00 00 00 00 01 BE BE BE BE BE F0 80 00 13 00 68 13 00 83 00 00 00 00 00 00 10 01 00 05 00 F8 07 98 16 89 16 
21:23:16:808->>>>-发送-68 2F 00 C3 05 00 00 00 00 03 01 BE BE BE BE BE 05 00 00 00 00 00 F0 80 00 12 00 68 12 00 43 01 00 00 00 00 00 F0 80 03 01 00 01 B9 16 0B 16 
21:23:17:111-<<<<-接收-68 2D 00 83 04 00 00 00 00 03 05 00 00 00 00 00 01 BE BE BE BE BE F0 80 00 10 00 68 10 00 83 F8 F0 00 00 00 00 00 02 00 0C 79 16 46 16 
21:23:17:133->>>>-发送-68 2F 00 C3 05 00 00 00 00 04 01 BE BE BE BE BE 05 00 00 00 00 00 F0 80 00 12 00 68 12 00 43 01 00 00 00 00 00 F0 80 03 02 00 01 BA 16 0E 16 
21:23:17:413-<<<<-接收-68 2D 00 83 04 00 00 00 00 04 05 00 00 00 00 00 01 BE BE BE BE BE F0 80 00 10 00 68 10 00 83 00 20 00 00 06 00 00 02 00 0C B7 16 C3 16 
21:23:17:425->>>>-发送-68 2F 00 C3 05 00 00 00 00 05 01 BE BE BE BE BE 05 00 00 00 00 00 F0 80 00 12 00 68 12 00 43 01 00 00 00 00 00 F0 80 03 03 00 01 BB 16 11 16 
21:23:17:716-<<<<-接收-68 2D 00 83 04 00 00 00 00 05 05 00 00 00 00 00 01 BE BE BE BE BE F0 80 00 10 00 68 10 00 83 00 20 00 00 06 00 00 02 00 0C B7 16 C4 16 
21:23:17:727->>>>-发送-68 2F 00 C3 05 00 00 00 00 06 01 BE BE BE BE BE 05 00 00 00 00 00 F0 80 00 12 00 68 12 00 43 01 00 00 00 00 00 F0 80 03 04 00 01 BC 16 14 16 
21:23:17:996-<<<<-接收-68 2D 00 83 04 00 00 00 00 06 05 00 00 00 00 00 01 BE BE BE BE BE F0 80 00 10 00 68 10 00 83 00 20 00 00 06 00 00 02 00 0C B7 16 C5 16 
21:23:18:003->>>>-发送-68 2F 00 C3 05 00 00 00 00 07 01 BE BE BE BE BE 05 00 00 00 00 00 F0 80 00 12 00 68 12 00 43 01 00 00 00 00 00 F0 80 03 05 00 01 BD 16 17 16 
21:23:18:239-<<<<-接收-68 2D 00 83 04 00 00 00 00 07 05 00 00 00 00 00 01 BE BE BE BE BE F0 80 00 10 00 68 10 00 83 00 20 00 00 06 00 00 02 00 0C B7 16 C6 16 
21:23:50:205->>>>-发送-68 2C 00 C3 05 00 00 00 00 08 01 BE BE BE BE BE 05 00 00 00 00 00 F0 80 00 0F 00 68 0F 00 43 01 00 00 00 00 00 10 01 00 55 16 42 16 
21:23:50:592-<<<<-接收-68 30 00 83 04 00 00 00 00 08 05 00 00 00 00 00 01 BE BE BE BE BE F0 80 00 13 00 68 13 00 83 00 00 00 00 00 00 10 01 00 05 00 F8 07 98 16 8F 16 
21:23:50:639->>>>-发送-68 2F 00 C3 05 00 00 00 00 09 01 BE BE BE BE BE 05 00 00 00 00 00 F0 80 00 12 00 68 12 00 43 01 00 00 00 00 00 F0 80 03 01 00 01 B9 16 11 16 
21:23:50:936-<<<<-接收-68 2D 00 83 04 00 00 00 00 09 05 00 00 00 00 00 01 BE BE BE BE BE F0 80 00 10 00 68 10 00 83 00 00 00 00 00 00 00 02 00 0C 91 16 7C 16 
21:23:50:944->>>>-发送-68 2F 00 C3 05 00 00 00 00 0A 01 BE BE BE BE BE 05 00 00 00 00 00 F0 80 00 12 00 68 12 00 43 01 00 00 00 00 00 F0 80 03 02 00 01 BA 16 14 16 
21:23:51:190-<<<<-接收-68 2D 00 83 04 00 00 00 00 0A 05 00 00 00 00 00 01 BE BE BE BE BE F0 80 00 10 00 68 10 00 83 00 20 00 00 06 00 00 02 00 0C B7 16 C9 16 
21:23:51:247->>>>-发送-68 2F 00 C3 05 00 00 00 00 0B 01 BE BE BE BE BE 05 00 00 00 00 00 F0 80 00 12 00 68 12 00 43 01 00 00 00 00 00 F0 80 03 03 00 01 BB 16 17 16 
21:23:52:549-<<<<-接收-68 7A 00 83 04 00 00 00 00 0B 05 00 00 00 00 00 01 BE BE BE BE BE F0 80 00 5D 00 68 5D 00 83 00 00 00 00 00 00 F0 80 03 00 00 00 00 00 00 00 00 0C 00 00 00 00 00 00 00 00 00 00 00 0F 00 00 00 00 00 00 00 00 00 45 00 00 00 00 00 03 00 00 00 03 00 00 00 07 00 00 00 05 00 00 00 05 00 00 00 45 00 00 00 03 00 00 00 03 00 00 00 02 00 00 00 00 00 00 00 00 00 BA 16 6A 16 
21:23:52:668->>>>-发送-68 2F 00 C3 05 00 00 00 00 0C 01 BE BE BE BE BE 05 00 00 00 00 00 F0 80 00 12 00 68 12 00 43 01 00 00 00 00 00 F0 80 03 04 00 01 BC 16 1A 16 
21:23:52:978-<<<<-接收-68 2D 00 83 04 00 00 00 00 0C 05 00 00 00 00 00 01 BE BE BE BE BE F0 80 00 10 00 68 10 00 83 00 00 00 00 0A 00 00 02 00 0C 9B 16 93 16 
21:23:53:000->>>>-发送-68 2F 00 C3 05 00 00 00 00 0D 01 BE BE BE BE BE 05 00 00 00 00 00 F0 80 00 12 00 68 12 00 43 01 00 00 00 00 00 F0 80 03 05 00 01 BD 16 1D 16 
21:23:53:304-<<<<-接收-68 2D 00 83 04 00 00 00 00 0D 05 00 00 00 00 00 01 BE BE BE BE BE F0 80 00 10 00 68 10 00 83 00 20 00 00 06 00 00 02 00 0C B7 16 CC 16 
21:28:09:646->>>>-发送-68 0F 00 C3 01 00 00 00 00 00 F0 20 03 D7 16 
21:28:11:744-<<<<-接收-68 17 00 C3 00 00 00 00 00 03 F0 04 03 01 05 00 00 00 00 00 01 C4 16 
21:28:13:053->>>>-发送-68 10 00 C3 01 00 00 00 00 01 F0 80 03 01 39 16 
21:28:13:161-<<<<-接收-68 15 00 83 00 00 00 00 06 01 00 01 00 00 00 00 00 00 00 8B 16 
21:28:18:048->>>>-发送-68 2C 00 C3 05 00 00 00 00 02 01 BE BE BE BE BE 05 00 00 00 00 00 F0 80 00 0F 00 68 0F 00 43 01 00 00 00 00 00 10 01 00 55 16 3C 16 
21:28:18:318-<<<<-接收-68 30 00 83 04 00 00 00 00 02 05 00 00 00 00 00 01 BE BE BE BE BE F0 80 00 13 00 68 13 00 83 00 00 00 00 00 00 10 01 00 05 00 F8 07 98 16 89 16 
21:28:18:365->>>>-发送-68 2F 00 C3 05 00 00 00 00 03 01 BE BE BE BE BE 05 00 00 00 00 00 F0 80 00 12 00 68 12 00 43 01 00 00 00 00 00 F0 80 03 01 00 01 B9 16 0B 16 
21:28:18:637-<<<<-接收-68 2D 00 83 04 00 00 00 00 03 05 00 00 00 00 00 01 BE BE BE BE BE F0 80 00 10 00 68 10 00 83 F8 F0 00 00 00 00 00 02 00 0C 79 16 46 16 
21:28:18:685->>>>-发送-68 2F 00 C3 05 00 00 00 00 04 01 BE BE BE BE BE 05 00 00 00 00 00 F0 80 00 12 00 68 12 00 43 01 00 00 00 00 00 F0 80 03 02 00 01 BA 16 0E 16 
21:28:19:009-<<<<-接收-68 2D 00 83 04 00 00 00 00 04 05 00 00 00 00 00 01 BE BE BE BE BE F0 80 00 10 00 68 10 00 83 F8 F0 00 00 00 00 00 02 00 0C 79 16 47 16 
21:28:19:018->>>>-发送-68 2F 00 C3 05 00 00 00 00 05 01 BE BE BE BE BE 05 00 00 00 00 00 F0 80 00 12 00 68 12 00 43 01 00 00 00 00 00 F0 80 03 03 00 01 BB 16 11 16 
21:28:20:080-<<<<-接收-68 7A 00 83 04 00 00 00 00 05 05 00 00 00 00 00 01 BE BE BE BE BE F0 80 00 5D 00 68 5D 00 83 00 00 00 00 00 00 F0 80 03 00 00 00 00 00 00 00 00 0C 00 00 00 00 00 00 00 00 00 00 00 0F 00 00 00 00 00 00 00 00 00 45 00 00 00 00 00 03 00 00 00 03 00 00 00 07 00 00 00 05 00 00 00 05 00 00 00 45 00 00 00 03 00 00 00 03 00 00 00 02 00 00 00 00 00 00 00 00 00 BA 16 64 16 
21:28:20:155->>>>-发送-68 2F 00 C3 05 00 00 00 00 06 01 BE BE BE BE BE 05 00 00 00 00 00 F0 80 00 12 00 68 12 00 43 01 00 00 00 00 00 F0 80 03 04 00 01 BC 16 14 16 
21:28:20:446-<<<<-接收-68 2D 00 83 04 00 00 00 00 06 05 00 00 00 00 00 01 BE BE BE BE BE F0 80 00 10 00 68 10 00 83 00 00 00 00 12 00 00 02 00 0C A3 16 9D 16 
21:28:20:479->>>>-发送-68 2F 00 C3 05 00 00 00 00 07 01 BE BE BE BE BE 05 00 00 00 00 00 F0 80 00 12 00 68 12 00 43 01 00 00 00 00 00 F0 80 03 05 00 01 BD 16 17 16 
21:28:20:794-<<<<-接收-68 2D 00 83 04 00 00 00 00 07 05 00 00 00 00 00 01 BE BE BE BE BE F0 80 00 10 00 68 10 00 83 00 20 00 00 06 00 00 02 00 0C B7 16 C6 16 
21:28:36:131->>>>-发送-68 2C 00 C3 05 00 00 00 00 08 01 BE BE BE BE BE 05 00 00 00 00 00 F0 80 00 0F 00 68 0F 00 43 01 00 00 00 00 00 10 01 00 55 16 42 16 
21:28:36:420-<<<<-接收-68 30 00 83 04 00 00 00 00 08 05 00 00 00 00 00 01 BE BE BE BE BE F0 80 00 13 00 68 13 00 83 00 00 00 00 00 00 10 01 00 05 00 F8 07 98 16 8F 16 
21:28:36:437->>>>-发送-68 2F 00 C3 05 00 00 00 00 09 01 BE BE BE BE BE 05 00 00 00 00 00 F0 80 00 12 00 68 12 00 43 01 00 00 00 00 00 F0 80 03 01 00 01 B9 16 11 16 
21:28:36:819-<<<<-接收-68 2D 00 83 04 00 00 00 00 09 05 00 00 00 00 00 01 BE BE BE BE BE F0 80 00 10 00 68 10 00 83 F8 F0 00 00 00 00 00 02 00 0C 79 16 4C 16 
21:28:36:853->>>>-发送-68 2F 00 C3 05 00 00 00 00 0A 01 BE BE BE BE BE 05 00 00 00 00 00 F0 80 00 12 00 68 12 00 43 01 00 00 00 00 00 F0 80 03 02 00 01 BA 16 14 16 
21:28:37:200-<<<<-接收-68 2D 00 83 04 00 00 00 00 0A 05 00 00 00 00 00 01 BE BE BE BE BE F0 80 00 10 00 68 10 00 83 00 20 00 00 06 00 00 02 00 0C B7 16 C9 16 
21:28:37:210->>>>-发送-68 2F 00 C3 05 00 00 00 00 0B 01 BE BE BE BE BE 05 00 00 00 00 00 F0 80 00 12 00 68 12 00 43 01 00 00 00 00 00 F0 80 03 03 00 01 BB 16 17 16 
21:28:38:297-<<<<-接收-68 7A 00 83 04 00 00 00 00 0B 05 00 00 00 00 00 01 BE BE BE BE BE F0 80 00 5D 00 68 5D 00 83 00 00 00 00 00 00 F0 80 03 00 00 00 00 00 00 00 00 0C 00 00 00 00 00 00 00 00 00 00 00 0F 00 00 00 00 00 00 00 00 00 45 00 00 00 00 00 03 00 00 00 03 00 00 00 07 00 00 00 05 00 00 00 05 00 00 00 45 00 00 00 03 00 00 00 03 00 00 00 02 00 00 00 00 00 00 00 00 00 BA 16 6A 16 
21:28:38:385->>>>-发送-68 2F 00 C3 05 00 00 00 00 0C 01 BE BE BE BE BE 05 00 00 00 00 00 F0 80 00 12 00 68 12 00 43 01 00 00 00 00 00 F0 80 03 04 00 01 BC 16 1A 16 
21:28:38:727-<<<<-接收-68 2D 00 83 04 00 00 00 00 0C 05 00 00 00 00 00 01 BE BE BE BE BE F0 80 00 10 00 68 10 00 83 00 00 00 00 18 00 00 02 00 0C A9 16 AF 16 
21:28:38:775->>>>-发送-68 2F 00 C3 05 00 00 00 00 0D 01 BE BE BE BE BE 05 00 00 00 00 00 F0 80 00 12 00 68 12 00 43 01 00 00 00 00 00 F0 80 03 05 00 01 BD 16 1D 16 
21:28:39:055-<<<<-接收-68 2D 00 83 04 00 00 00 00 0D 05 00 00 00 00 00 01 BE BE BE BE BE F0 80 00 10 00 68 10 00 83 00 20 00 00 06 00 00 02 00 0C B7 16 CC 16 
21:29:44:830->>>>-发送-68 0F 00 C3 01 00 00 00 00 00 F0 20 03 D7 16 
21:29:46:980-<<<<-接收-68 17 00 C3 00 00 00 00 00 05 F0 04 03 01 05 00 00 00 00 00 01 C6 16 
21:29:48:381->>>>-发送-68 10 00 C3 01 00 00 00 00 01 F0 80 03 01 39 16 
21:29:48:488-<<<<-接收-68 15 00 83 00 00 00 00 06 01 
21:29:54:431->>>>-发送-68 2C 00 C3 05 00 00 00 00 02 01 BE BE BE BE BE CC CC CC CC CC CC F0 80 00 0F 00 68 0F 00 43 01 00 00 00 00 00 10 01 00 55 16 FF 16 
21:30:13:412->>>>-发送-68 10 00 C3 01 00 00 00 00 03 F0 80 03 01 3B 16 
21:30:13:508-<<<<-接收-68 15 00 83 00 00 00 00 06 03 00 01 00 00 00 00 00 00 00 8D 16 
21:30:15:826->>>>-发送-68 2C 00 C3 05 00 00 00 00 04 01 BE BE BE BE BE 05 00 00 00 00 00 F0 80 00 0F 00 68 0F 00 43 01 00 00 00 00 00 10 01 00 55 16 3E 16 
21:30:16:137-<<<<-接收-68 30 00 83 04 00 00 00 00 04 05 00 00 00 00 00 01 BE BE BE BE BE F0 80 00 13 00 68 13 00 83 00 00 00 00 00 00 10 01 00 05 00 F8 07 98 16 8B 16 
21:30:16:146->>>>-发送-68 2F 00 C3 05 00 00 00 00 05 01 BE BE BE BE BE 05 00 00 00 00 00 F0 80 00 12 00 68 12 00 43 01 00 00 00 00 00 F0 80 03 01 00 01 B9 16 0D 16 
21:30:16:540-<<<<-接收-68 2D 00 83 04 00 00 00 00 05 05 00 00 00 00 00 01 BE BE BE BE BE F0 80 00 10 00 68 10 00 83 F8 F0 00 00 00 00 00 02 00 0C 79 16 48 16 
21:30:16:553->>>>-发送-68 2F 00 C3 05 00 00 00 00 06 01 BE BE BE BE BE 05 00 00 00 00 00 F0 80 00 12 00 68 12 00 43 01 00 00 00 00 00 F0 80 03 02 00 01 BA 16 10 16 
21:30:16:885-<<<<-接收-68 2D 00 83 04 00 00 00 00 06 05 00 00 00 00 00 01 BE BE BE BE BE F0 80 00 10 00 68 10 00 83 00 20 00 00 06 00 00 02 00 0C B7 16 C5 16 
21:30:16:892->>>>-发送-68 2F 00 C3 05 00 00 00 00 07 01 BE BE BE BE BE 05 00 00 00 00 00 F0 80 00 12 00 68 12 00 43 01 00 00 00 00 00 F0 80 03 03 00 01 BB 16 13 16 
21:30:17:977-<<<<-接收-68 7A 00 83 04 00 00 00 00 07 05 00 00 00 00 00 01 BE BE BE BE BE F0 80 00 5D 00 68 5D 00 83 00 00 00 00 00 00 F0 80 03 00 00 00 00 00 00 00 00 0C 00 00 00 00 00 00 00 00 00 00 00 0F 00 00 00 00 00 00 00 00 00 45 00 00 00 00 00 03 00 00 00 03 00 00 00 07 00 00 00 05 00 00 00 05 00 00 00 45 00 00 00 03 00 00 00 03 00 00 00 02 00 00 00 00 00 00 00 00 00 BA 16 66 16 
21:30:18:064->>>>-发送-68 2F 00 C3 05 00 00 00 00 08 01 BE BE BE BE BE 05 00 00 00 00 00 F0 80 00 12 00 68 12 00 43 01 00 00 00 00 00 F0 80 03 04 00 01 BC 16 16 16 
21:30:18:376-<<<<-接收-68 2D 00 83 04 00 00 00 00 08 05 00 00 00 00 00 01 BE BE BE BE BE F0 80 00 10 00 68 10 00 83 F8 F0 00 00 00 00 00 02 00 0C 79 16 4B 16 
21:30:18:451->>>>-发送-68 2F 00 C3 05 00 00 00 00 09 01 BE BE BE BE BE 05 00 00 00 00 00 F0 80 00 12 00 68 12 00 43 01 00 00 00 00 00 F0 80 03 05 00 01 BD 16 19 16 
21:30:18:743-<<<<-接收-68 2D 00 83 04 00 00 00 00 09 05 00 00 00 00 00 01 BE BE BE BE BE F0 80 00 10 00 68 10 00 83 00 20 00 00 06 00 00 02 00 0C B7 16 C8 16 
21:30:24:114->>>>-发送-68 2C 00 C3 05 00 00 00 00 0A 01 BE BE BE BE BE 05 00 00 00 00 00 F0 80 00 0F 00 68 0F 00 43 01 00 00 00 00 00 10 01 00 55 16 44 16 
21:30:24:410-<<<<-接收-68 30 00 83 04 00 00 00 00 0A 05 00 00 00 00 00 01 BE BE BE BE BE F0 80 00 13 00 68 13 00 83 00 00 00 00 00 00 10 01 00 05 00 F8 07 98 16 91 16 
21:30:24:435->>>>-发送-68 2F 00 C3 05 00 00 00 00 0B 01 BE BE BE BE BE 05 00 00 00 00 00 F0 80 00 12 00 68 12 00 43 01 00 00 00 00 00 F0 80 03 01 00 01 B9 16 13 16 
21:30:24:748-<<<<-接收-68 2D 00 83 04 00 00 00 00 0B 05 00 00 00 00 00 01 BE BE BE BE BE F0 80 00 10 00 68 10 00 83 00 20 00 00 06 00 00 02 00 0C B7 16 CA 16 
21:30:24:789->>>>-发送-68 2F 00 C3 05 00 00 00 00 0C 01 BE BE BE BE BE 05 00 00 00 00 00 F0 80 00 12 00 68 12 00 43 01 00 00 00 00 00 F0 80 03 02 00 01 BA 16 16 16 
21:30:25:099-<<<<-接收-68 2D 00 83 04 00 00 00 00 0C 05 00 00 00 00 00 01 BE BE BE BE BE F0 80 00 10 00 68 10 00 83 00 20 00 00 06 00 00 02 00 0C B7 16 CB 16 
21:30:25:111->>>>-发送-68 2F 00 C3 05 00 00 00 00 0D 01 BE BE BE BE BE 05 00 00 00 00 00 F0 80 00 12 00 68 12 00 43 01 00 00 00 00 00 F0 80 03 03 00 01 BB 16 19 16 
21:30:26:087-<<<<-接收-68 7A 00 83 04 00 00 00 00 0D 05 00 00 00 00 00 01 BE BE BE BE BE F0 80 00 5D 00 68 5D 00 83 00 00 00 00 00 00 F0 80 03 00 00 00 00 00 00 00 00 0C 00 00 00 00 00 00 00 00 00 00 00 0F 00 00 00 00 00 00 00 00 00 45 00 00 00 00 00 03 00 00 00 03 00 00 00 07 00 00 00 05 00 00 00 05 00 00 00 45 00 00 00 03 00 00 00 03 00 00 00 02 00 00 00 00 00 00 00 00 00 BA 16 6C 16 
21:30:26:266->>>>-发送-68 2F 00 C3 05 00 00 00 00 0E 01 BE BE BE BE BE 05 00 00 00 00 00 F0 80 00 12 00 68 12 00 43 01 00 00 00 00 00 F0 80 03 04 00 01 BC 16 1C 16 
21:30:26:669-<<<<-接收-68 2D 00 83 04 00 00 00 00 0E 05 00 00 00 00 00 01 BE BE BE BE BE F0 80 00 10 00 68 10 00 83 00 00 00 00 26 00 00 02 00 0C B7 16 CD 16 
21:30:26:688->>>>-发送-68 2F 00 C3 05 00 00 00 00 0F 01 BE BE BE BE BE 05 00 00 00 00 00 F0 80 00 12 00 68 12 00 43 01 00 00 00 00 00 F0 80 03 05 00 01 BD 16 1F 16 
21:30:26:934-<<<<-接收-68 2D 00 83 04 00 00 00 00 0F 05 00 00 00 00 00 01 BE BE BE BE BE F0 80 00 10 00 68 10 00 83 00 20 00 00 06 00 00 02 00 0C B7 16 CE 16 
21:32:28:471->>>>-发送-68 0F 00 C3 01 00 00 00 00 00 F0 20 03 D7 16 
21:32:30:595-<<<<-接收-68 17 00 C3 00 00 00 00 00 08 F0 04 03 01 05 00 00 00 00 00 01 C9 16 
21:32:31:950->>>>-发送-68 10 00 C3 01 00 00 00 00 01 F0 80 03 01 39 16 
21:32:32:042-<<<<-接收-68 15 00 83 00 00 00 00 06 01 00 01 00 00 00 00 00 00 00 8B 16 
21:32:38:954->>>>-发送-68 2C 00 C3 05 00 00 00 00 02 01 BE BE BE BE BE 05 00 00 00 00 00 F0 80 00 0F 00 68 0F 00 43 01 00 00 00 00 00 10 01 00 55 16 3C 16 
21:32:39:270-<<<<-接收-68 30 00 83 04 00 00 00 00 02 05 00 00 00 00 00 01 BE BE BE BE BE F0 80 00 13 00 68 13 00 83 00 00 00 00 00 00 10 01 00 05 00 F8 07 98 16 89 16 
21:32:39:299->>>>-发送-68 2F 00 C3 05 00 00 00 00 03 01 BE BE BE BE BE 05 00 00 00 00 00 F0 80 00 12 00 68 12 00 43 01 00 00 00 00 00 F0 80 03 01 00 01 B9 16 0B 16 
21:32:39:690-<<<<-接收-68 2D 00 83 04 00 00 00 00 03 05 00 00 00 00 00 01 BE BE BE BE BE F0 80 00 10 00 68 10 00 83 F8 F0 00 00 00 00 00 02 00 0C 79 16 46 16 
21:32:39:704->>>>-发送-68 2F 00 C3 05 00 00 00 00 04 01 BE BE BE BE BE 05 00 00 00 00 00 F0 80 00 12 00 68 12 00 43 01 00 00 00 00 00 F0 80 03 02 00 01 BA 16 0E 16 
21:32:40:036-<<<<-接收-68 2D 00 83 04 00 00 00 00 04 05 00 00 00 00 00 01 BE BE BE BE BE F0 80 00 10 00 68 10 00 83 00 20 00 00 06 00 00 02 00 0C B7 16 C3 16 
21:32:40:049->>>>-发送-68 2F 00 C3 05 00 00 00 00 05 01 BE BE BE BE BE 05 00 00 00 00 00 F0 80 00 12 00 68 12 00 43 01 00 00 00 00 00 F0 80 03 03 00 01 BB 16 11 16 
21:32:41:131-<<<<-接收-68 7A 00 83 04 00 00 00 00 05 05 00 00 00 00 00 01 BE BE BE BE BE F0 80 00 5D 00 68 5D 00 83 00 00 00 00 00 00 F0 80 03 00 00 00 00 00 00 00 00 0C 00 00 00 00 00 00 00 00 00 00 00 0F 00 00 00 00 00 00 00 00 00 45 00 00 00 00 00 03 00 00 00 03 00 00 00 07 00 00 00 05 00 00 00 05 00 00 00 45 00 00 00 03 00 00 00 03 00 00 00 02 00 00 00 00 00 00 00 00 00 BA 16 64 16 
21:32:41:292->>>>-发送-68 2F 00 C3 05 00 00 00 00 06 01 BE BE BE BE BE 05 00 00 00 00 00 F0 80 00 12 00 68 12 00 43 01 00 00 00 00 00 F0 80 03 04 00 01 BC 16 14 16 
21:32:41:546-<<<<-接收-68 2D 00 83 04 00 00 00 00 06 05 00 00 00 00 00 01 BE BE BE BE BE F0 80 00 10 00 68 10 00 83 00 00 00 00 2E 00 00 02 00 0C BF 16 D5 16 
21:32:41:603->>>>-发送-68 2F 00 C3 05 00 00 00 00 07 01 BE BE BE BE BE 05 00 00 00 00 00 F0 80 00 12 00 68 12 00 43 01 00 00 00 00 00 F0 80 03 05 00 01 BD 16 17 16 
21:32:41:892-<<<<-接收-68 2D 00 83 04 00 00 00 00 07 05 00 00 00 00 00 01 BE BE BE BE BE F0 80 00 10 00 68 10 00 83 00 20 00 00 06 00 00 02 00 0C B7 16 C6 16 
21:35:05:863->>>>-发送-68 0F 00 C3 01 00 00 00 00 00 F0 20 03 D7 16 
21:35:08:036-<<<<-接收-68 17 00 C3 00 00 00 00 00 0A F0 04 03 01 05 00 00 00 00 00 01 CB 16 
21:35:09:212->>>>-发送-68 10 00 C3 01 00 00 00 00 01 F0 80 03 01 39 16 
21:35:09:295-<<<<-接收-68 15 00 83 00 00 00 00 06 01 00 01 00 00 00 00 00 00 00 8B 16 
21:35:16:546->>>>-发送-68 2C 00 C3 05 00 00 00 00 02 01 BE BE BE BE BE 05 00 00 00 00 00 F0 80 00 0F 00 68 0F 00 43 01 00 00 00 00 00 10 01 00 55 16 3C 16 
21:35:16:952-<<<<-接收-68 30 00 83 04 00 00 00 00 02 05 00 00 00 00 00 01 BE BE BE BE BE F0 80 00 13 00 68 13 00 83 00 00 00 00 00 00 10 01 00 05 00 F8 07 98 16 89 16 
21:35:16:971->>>>-发送-68 2F 00 C3 05 00 00 00 00 03 01 BE BE BE BE BE 05 00 00 00 00 00 F0 80 00 12 00 68 12 00 43 01 00 00 00 00 00 F0 80 03 01 00 01 B9 16 0B 16 
21:35:17:376-<<<<-接收-68 2D 00 83 04 00 00 00 00 03 05 00 00 00 00 00 01 BE BE BE BE BE F0 80 00 10 00 68 10 00 83 F8 F0 00 00 00 00 00 02 00 0C 79 16 46 16 
21:35:17:393->>>>-发送-68 2F 00 C3 05 00 00 00 00 04 01 BE BE BE BE BE 05 00 00 00 00 00 F0 80 00 12 00 68 12 00 43 01 00 00 00 00 00 F0 80 03 02 00 01 BA 16 0E 16 
21:35:17:739-<<<<-接收-68 2D 00 83 04 00 00 00 00 04 05 00 00 00 00 00 01 BE BE BE BE BE F0 80 00 10 00 68 10 00 83 00 20 00 00 06 00 00 02 00 0C B7 16 C3 16 
21:35:17:797->>>>-发送-68 2F 00 C3 05 00 00 00 00 05 01 BE BE BE BE BE 05 00 00 00 00 00 F0 80 00 12 00 68 12 00 43 01 00 00 00 00 00 F0 80 03 03 00 01 BB 16 11 16 
21:35:18:922-<<<<-接收-68 7A 00 83 04 00 00 00 00 05 05 00 00 00 00 00 01 BE BE BE BE BE F0 80 00 5D 00 68 5D 00 83 00 00 00 00 00 00 F0 80 03 00 00 00 00 00 00 00 00 0C 00 00 00 00 00 00 00 00 00 00 00 0F 00 00 00 00 00 00 00 00 00 45 00 00 00 00 00 03 00 00 00 03 00 00 00 07 00 00 00 05 00 00 00 05 00 00 00 45 00 00 00 03 00 00 00 03 00 00 00 02 00 00 00 00 00 00 00 00 00 BA 16 64 16 
21:35:19:027->>>>-发送-68 2F 00 C3 05 00 00 00 00 06 01 BE BE BE BE BE 05 00 00 00 00 00 F0 80 00 12 00 68 12 00 43 01 00 00 00 00 00 F0 80 03 04 00 01 BC 16 14 16 
21:35:19:323-<<<<-接收-68 2D 00 83 04 00 00 00 00 06 05 00 00 00 00 00 01 BE BE BE BE BE F0 80 00 10 00 68 10 00 83 00 00 00 00 34 00 00 02 00 0C C5 16 E1 16 
21:35:19:345->>>>-发送-68 2F 00 C3 05 00 00 00 00 07 01 BE BE BE BE BE 05 00 00 00 00 00 F0 80 00 12 00 68 12 00 43 01 00 00 00 00 00 F0 80 03 05 00 01 BD 16 17 16 
21:35:19:751-<<<<-接收-68 2D 00 83 04 00 00 00 00 07 05 00 00 00 00 00 01 BE BE BE BE BE F0 80 00 10 00 68 10 00 83 00 20 00 00 06 00 00 02 00 0C B7 16 C6 16 
21:35:41:038->>>>-发送-68 2C 00 C3 05 00 00 00 00 08 01 BE BE BE BE BE 05 00 00 00 00 00 F0 80 00 0F 00 68 0F 00 43 01 00 00 00 00 00 10 01 00 55 16 42 16 
21:35:41:469-<<<<-接收-68 30 00 83 04 00 00 00 00 08 05 00 00 00 00 00 01 BE BE BE BE BE F0 80 00 13 00 68 13 00 83 00 00 00 00 00 00 10 01 00 05 00 F8 07 98 16 8F 16 
21:35:41:509->>>>-发送-68 2F 00 C3 05 00 00 00 00 09 01 BE BE BE BE BE 05 00 00 00 00 00 F0 80 00 12 00 68 12 00 43 01 00 00 00 00 00 F0 80 03 01 00 01 B9 16 11 16 
21:35:41:888-<<<<-接收-68 2D 00 83 04 00 00 00 00 09 05 00 00 00 00 00 01 BE BE BE BE BE F0 80 00 10 00 68 10 00 83 F8 F0 00 00 00 00 00 02 00 0C 79 16 4C 16 
21:35:41:905->>>>-发送-68 2F 00 C3 05 00 00 00 00 0A 01 BE BE BE BE BE 05 00 00 00 00 00 F0 80 00 12 00 68 12 00 43 01 00 00 00 00 00 F0 80 03 02 00 01 BA 16 14 16 
21:35:42:212-<<<<-接收-68 2D 00 83 04 00 00 00 00 0A 05 00 00 00 00 00 01 BE BE BE BE BE F0 80 00 10 00 68 10 00 83 00 20 00 00 06 00 00 02 00 0C B7 16 C9 16 
21:35:42:234->>>>-发送-68 2F 00 C3 05 00 00 00 00 0B 01 BE BE BE BE BE 05 00 00 00 00 00 F0 80 00 12 00 68 12 00 43 01 00 00 00 00 00 F0 80 03 03 00 01 BB 16 17 16 
21:35:43:356-<<<<-接收-68 7A 00 83 04 00 00 00 00 0B 05 00 00 00 00 00 01 BE BE BE BE BE F0 80 00 5D 00 68 5D 00 83 00 00 00 00 00 00 F0 80 03 00 00 00 00 00 00 00 00 0C 00 00 00 00 00 00 00 00 00 00 00 0F 00 00 00 00 00 00 00 00 00 45 00 00 00 00 00 03 00 00 00 03 00 00 00 07 00 00 00 05 00 00 00 05 00 00 00 45 00 00 00 03 00 00 00 03 00 00 00 02 00 00 00 00 00 00 00 00 00 BA 16 6A 16 
21:35:43:449->>>>-发送-68 2F 00 C3 05 00 00 00 00 0C 01 BE BE BE BE BE 05 00 00 00 00 00 F0 80 00 12 00 68 12 00 43 01 00 00 00 00 00 F0 80 03 04 00 01 BC 16 1A 16 
21:35:43:807-<<<<-接收-68 2D 00 83 04 00 00 00 00 0C 05 00 00 00 00 00 01 BE BE BE BE BE F0 80 00 10 00 68 10 00 83 00 00 00 00 3C 00 00 02 00 0C CD 16 F7 16 
21:35:43:835->>>>-发送-68 2F 00 C3 05 00 00 00 00 0D 01 BE BE BE BE BE 05 00 00 00 00 00 F0 80 00 12 00 68 12 00 43 01 00 00 00 00 00 F0 80 03 05 00 01 BD 16 1D 16 
21:35:44:197-<<<<-接收-68 2D 00 83 04 00 00 00 00 0D 05 00 00 00 00 00 01 BE BE BE BE BE F0 80 00 10 00 68 10 00 83 00 20 00 00 06 00 00 02 00 0C B7 16 CC 16 
21:36:40:359->>>>-发送-68 0F 00 C3 01 00 00 00 00 00 F0 20 03 D7 16 
21:36:42:516-<<<<-接收-68 17 00 C3 00 00 00 00 00 0C F0 04 03 01 05 00 00 00 00 00 01 CD 16 
21:36:43:702->>>>-发送-68 10 00 C3 01 00 00 00 00 01 F0 80 03 01 39 16 
21:36:43:805-<<<<-接收-68 15 00 83 00 00 00 00 06 01 00 01 00 00 00 00 00 00 00 8B 16 
21:36:48:610->>>>-发送-68 2C 00 C3 05 00 00 00 00 02 01 BE BE BE BE BE 05 00 00 00 00 00 F0 80 00 0F 00 68 0F 00 43 01 00 00 00 00 00 10 01 00 55 16 3C 16 
21:36:48:860-<<<<-接收-68 30 00 83 04 00 00 00 00 02 05 00 00 00 00 00 01 BE BE BE BE BE F0 80 00 13 00 68 13 00 83 00 00 00 00 00 00 10 01 00 05 00 F8 07 98 16 89 16 
21:36:48:920->>>>-发送-68 2F 00 C3 05 00 00 00 00 03 01 BE BE BE BE BE 05 00 00 00 00 00 F0 80 00 12 00 68 12 00 43 01 00 00 00 00 00 F0 80 03 01 00 01 B9 16 0B 16 
21:36:49:275-<<<<-接收-68 2D 00 83 04 00 00 00 00 03 05 00 00 00 00 00 01 BE BE BE BE BE F0 80 00 10 00 68 10 00 83 F8 F0 00 00 00 00 00 02 00 0C 79 16 46 16 
21:36:49:291->>>>-发送-68 2F 00 C3 05 00 00 00 00 04 01 BE BE BE BE BE 05 00 00 00 00 00 F0 80 00 12 00 68 12 00 43 01 00 00 00 00 00 F0 80 03 02 00 01 BA 16 0E 16 
21:36:49:611-<<<<-接收-68 2D 00 83 04 00 00 00 00 04 05 00 00 00 00 00 01 BE BE BE BE BE F0 80 00 10 00 68 10 00 83 00 20 00 00 06 00 00 02 00 0C B7 16 C3 16 
21:36:49:631->>>>-发送-68 2F 00 C3 05 00 00 00 00 05 01 BE BE BE BE BE 05 00 00 00 00 00 F0 80 00 12 00 68 12 00 43 01 00 00 00 00 00 F0 80 03 03 00 01 BB 16 11 16 
21:36:50:764-<<<<-接收-68 7A 00 83 04 00 00 00 00 05 05 00 00 00 00 00 01 BE BE BE BE BE F0 80 00 5D 00 68 5D 00 83 00 00 00 00 00 00 F0 80 03 00 00 00 00 00 00 00 00 0C 00 00 00 00 00 00 00 00 00 00 00 0F 00 00 00 00 00 00 00 00 00 45 00 00 00 00 00 03 00 00 00 03 00 00 00 07 00 00 00 05 00 00 00 05 00 00 00 45 00 00 00 03 00 00 00 03 00 00 00 02 00 00 00 00 00 00 00 00 00 BA 16 64 16 
21:36:50:858->>>>-发送-68 2F 00 C3 05 00 00 00 00 06 01 BE BE BE BE BE 05 00 00 00 00 00 F0 80 00 12 00 68 12 00 43 01 00 00 00 00 00 F0 80 03 04 00 01 BC 16 14 16 
21:36:51:135-<<<<-接收-68 2D 00 83 04 00 00 00 00 06 05 00 00 00 00 00 01 BE BE BE BE BE F0 80 00 10 00 68 10 00 83 00 00 00 00 42 00 00 02 00 0C D3 16 FD 16 
21:36:51:191->>>>-发送-68 2F 00 C3 05 00 00 00 00 07 01 BE BE BE BE BE 05 00 00 00 00 00 F0 80 00 12 00 68 12 00 43 01 00 00 00 00 00 F0 80 03 05 00 01 BD 16 17 16 
21:36:51:554-<<<<-接收-68 2D 00 83 04 00 00 00 00 07 05 00 00 00 00 00 01 BE BE BE BE BE F0 80 00 10 00 68 10 00 83 00 20 00 00 06 00 00 02 00 0C B7 16 C6 16 
21:36:56:075->>>>-发送-68 2C 00 C3 05 00 00 00 00 08 01 BE BE BE BE BE 05 00 00 00 00 00 F0 80 00 0F 00 68 0F 00 43 01 00 00 00 00 00 10 01 00 55 16 42 16 
21:36:56:388-<<<<-接收-68 30 00 83 04 00 00 00 00 08 05 00 00 00 00 00 01 BE BE BE BE BE F0 80 00 13 00 68 13 00 83 00 00 00 00 00 00 10 01 00 05 00 F8 07 98 16 8F 16 
21:36:56:439->>>>-发送-68 2F 00 C3 05 00 00 00 00 09 01 BE BE BE BE BE 05 00 00 00 00 00 F0 80 00 12 00 68 12 00 43 01 00 00 00 00 00 F0 80 03 01 00 01 B9 16 11 16 
21:36:56:771-<<<<-接收-68 2D 00 83 04 00 00 00 00 09 05 00 00 00 00 00 01 BE BE BE BE BE F0 80 00 10 00 68 10 00 83 F8 F0 00 00 00 00 00 02 00 0C 79 16 4C 16 
21:36:56:786->>>>-发送-68 2F 00 C3 05 00 00 00 00 0A 01 BE BE BE BE BE 05 00 00 00 00 00 F0 80 00 12 00 68 12 00 43 01 00 00 00 00 00 F0 80 03 02 00 01 BA 16 14 16 
21:36:57:121-<<<<-接收-68 2D 00 83 04 00 00 00 00 0A 05 00 00 00 00 00 01 BE BE BE BE BE F0 80 00 10 00 68 10 00 83 00 20 00 00 06 00 00 02 00 0C B7 16 C9 16 
21:36:57:156->>>>-发送-68 2F 00 C3 05 00 00 00 00 0B 01 BE BE BE BE BE 05 00 00 00 00 00 F0 80 00 12 00 68 12 00 43 01 00 00 00 00 00 F0 80 03 03 00 01 BB 16 17 16 
21:36:58:229-<<<<-接收-68 7A 00 83 04 00 00 00 00 0B 05 00 00 00 00 00 01 BE BE BE BE BE F0 80 00 5D 00 68 5D 00 83 00 00 00 00 00 00 F0 80 03 00 00 00 00 00 00 00 00 0C 00 00 00 00 00 00 00 00 00 00 00 0F 00 00 00 00 00 00 00 00 00 45 00 00 00 00 00 03 00 00 00 03 00 00 00 07 00 00 00 05 00 00 00 05 00 00 00 45 00 00 00 03 00 00 00 03 00 00 00 02 00 00 00 00 00 00 00 00 00 BA 16 6A 16 
21:36:58:329->>>>-发送-68 2F 00 C3 05 00 00 00 00 0C 01 BE BE BE BE BE 05 00 00 00 00 00 F0 80 00 12 00 68 12 00 43 01 00 00 00 00 00 F0 80 03 04 00 01 BC 16 1A 16 
21:36:58:615-<<<<-接收-68 2D 00 83 04 00 00 00 00 0C 05 00 00 00 00 00 01 BE BE BE BE BE F0 80 00 10 00 68 10 00 83 00 00 00 00 4A 00 00 02 00 0C DB 16 13 16 
21:36:58:628->>>>-发送-68 2F 00 C3 05 00 00 00 00 0D 01 BE BE BE BE BE 05 00 00 00 00 00 F0 80 00 12 00 68 12 00 43 01 00 00 00 00 00 F0 80 03 05 00 01 BD 16 1D 16 
21:36:59:008-<<<<-接收-68 2D 00 83 04 00 00 00 00 0D 05 00 00 00 00 00 01 BE BE BE BE BE F0 80 00 10 00 68 10 00 83 00 20 00 00 06 00 00 02 00 0C B7 16 CC 16 
21:39:45:676->>>>-发送-68 0F 00 C3 01 00 00 00 00 00 F0 20 03 D7 16 
21:39:47:775-<<<<-接收-68 17 00 C3 00 00 00 00 00 0E F0 04 03 01 05 00 00 00 00 00 01 CF 16 
21:39:48:980->>>>-发送-68 10 00 C3 01 00 00 00 00 01 F0 80 03 01 39 16 
21:39:49:071-<<<<-接收-68 15 00 83 00 00 00 00 06 01 00 01 00 00 00 00 00 00 00 8B 16 
21:39:54:723->>>>-发送-68 2C 00 C3 05 00 00 00 00 02 01 BE BE BE BE BE 05 00 00 00 00 00 F0 80 00 0F 00 68 0F 00 43 01 00 00 00 00 00 10 01 00 55 16 3C 16 
21:39:55:018-<<<<-接收-68 30 00 83 04 00 00 00 00 02 05 00 00 00 00 00 01 BE BE BE BE BE F0 80 00 13 00 68 13 00 83 00 00 00 00 00 00 10 01 00 05 00 F8 07 98 16 89 16 
21:39:55:084->>>>-发送-68 2F 00 C3 05 00 00 00 00 03 01 BE BE BE BE BE 05 00 00 00 00 00 F0 80 00 12 00 68 12 00 43 01 00 00 00 00 00 F0 80 03 01 00 01 B9 16 0B 16 
21:39:55:366-<<<<-接收-68 2D 00 83 04 00 00 00 00 03 05 00 00 00 00 00 01 BE BE BE BE BE F0 80 00 10 00 68 10 00 83 F8 F0 00 00 00 00 00 02 00 0C 79 16 46 16 
21:39:55:402->>>>-发送-68 2F 00 C3 05 00 00 00 00 04 01 BE BE BE BE BE 05 00 00 00 00 00 F0 80 00 12 00 68 12 00 43 01 00 00 00 00 00 F0 80 03 02 00 01 BA 16 0E 16 
21:39:55:700-<<<<-接收-68 2D 00 83 04 00 00 00 00 04 05 00 00 00 00 00 01 BE BE BE BE BE F0 80 00 10 00 68 10 00 83 00 20 00 00 06 00 00 02 00 0C B7 16 C3 16 
21:39:55:728->>>>-发送-68 2F 00 C3 05 00 00 00 00 05 01 BE BE BE BE BE 05 00 00 00 00 00 F0 80 00 12 00 68 12 00 43 01 00 00 00 00 00 F0 80 03 03 00 01 BB 16 11 16 
21:39:56:889-<<<<-接收-68 7A 00 83 04 00 00 00 00 05 05 00 00 00 00 00 01 BE BE BE BE BE F0 80 00 5D 00 68 5D 00 83 00 00 00 00 00 00 F0 80 03 00 00 00 00 00 00 00 00 0C 00 00 00 00 00 00 00 00 00 00 00 0F 00 00 00 00 00 00 00 00 00 45 00 00 00 00 00 03 00 00 00 03 00 00 00 07 00 00 00 05 00 00 00 05 00 00 00 45 00 00 00 03 00 00 00 03 00 00 00 02 00 00 00 00 00 00 00 00 00 BA 16 64 16 
21:39:57:036->>>>-发送-68 2F 00 C3 05 00 00 00 00 06 01 BE BE BE BE BE 05 00 00 00 00 00 F0 80 00 12 00 68 12 00 43 01 00 00 00 00 00 F0 80 03 04 00 01 BC 16 14 16 
21:39:57:434-<<<<-接收-68 2D 00 83 04 00 00 00 00 06 05 00 00 00 00 00 01 BE BE BE BE BE F0 80 00 10 00 68 10 00 83 00 00 00 00 50 00 00 02 00 0C E1 16 19 16 
21:39:57:453->>>>-发送-68 2F 00 C3 05 00 00 00 00 07 01 BE BE BE BE BE 05 00 00 00 00 00 F0 80 00 12 00 68 12 00 43 01 00 00 00 00 00 F0 80 03 05 00 01 BD 16 17 16 
21:39:57:738-<<<<-接收-68 2D 00 83 04 00 00 00 00 07 05 00 00 00 00 00 01 BE BE BE BE BE F0 80 00 10 00 68 10 00 83 00 20 00 00 06 00 00 02 00 0C B7 16 C6 16 
21:41:05:944->>>>-发送-68 0F 00 C3 01 00 00 00 00 00 F0 20 03 D7 16 
21:41:08:096-<<<<-接收-68 17 00 C3 00 00 00 00 00 10 F0 04 03 01 05 00 00 00 00 00 01 D1 16 
21:41:09:252->>>>-发送-68 10 00 C3 01 00 00 00 00 01 F0 80 03 01 39 16 
21:41:09:354-<<<<-接收-68 15 00 83 00 00 00 00 06 01 00 01 00 00 00 00 00 00 00 8B 16 
21:41:16:576->>>>-发送-68 2C 00 C3 05 00 00 00 00 02 01 BE BE BE BE BE 05 00 00 00 00 00 F0 80 00 0F 00 68 0F 00 43 01 00 00 00 00 00 10 01 00 55 16 3C 16 
21:41:16:869-<<<<-接收-68 30 00 83 04 00 00 00 00 02 05 00 00 00 00 00 01 BE BE BE BE BE F0 80 00 13 00 68 13 00 83 00 00 00 00 00 00 10 01 00 05 00 F8 07 98 16 89 16 
21:41:16:928->>>>-发送-68 2F 00 C3 05 00 00 00 00 03 01 BE BE BE BE BE 05 00 00 00 00 00 F0 80 00 12 00 68 12 00 43 01 00 00 00 00 00 F0 80 03 01 00 01 B9 16 0B 16 
21:41:17:303-<<<<-接收-68 2D 00 83 04 00 00 00 00 03 05 00 00 00 00 00 01 BE BE BE BE BE F0 80 00 10 00 68 10 00 83 F8 F0 00 00 00 00 00 02 00 0C 79 16 46 16 
21:41:17:321->>>>-发送-68 2F 00 C3 05 00 00 00 00 04 01 BE BE BE BE BE 05 00 00 00 00 00 F0 80 00 12 00 68 12 00 43 01 00 00 00 00 00 F0 80 03 02 00 01 BA 16 0E 16 
21:41:17:669-<<<<-接收-68 2D 00 83 04 00 00 00 00 04 05 00 00 00 00 00 01 BE BE BE BE BE F0 80 00 10 00 68 10 00 83 00 20 00 00 06 00 00 02 00 0C B7 16 C3 16 
21:41:17:684->>>>-发送-68 2F 00 C3 05 00 00 00 00 05 01 BE BE BE BE BE 05 00 00 00 00 00 F0 80 00 12 00 68 12 00 43 01 00 00 00 00 00 F0 80 03 03 00 01 BB 16 11 16 
21:41:18:685-<<<<-接收-68 7A 00 83 04 00 00 00 00 05 05 00 00 00 00 00 01 BE BE BE BE BE F0 80 00 5D 00 68 5D 00 83 00 00 00 00 00 00 F0 80 03 00 00 00 00 00 00 00 00 0C 00 00 00 00 00 00 00 00 00 00 00 0F 00 00 00 00 00 00 00 00 00 45 00 00 00 00 00 03 00 00 00 03 00 00 00 07 00 00 00 05 00 00 00 05 00 00 00 45 00 00 00 03 00 00 00 03 00 00 00 02 00 00 00 00 00 00 00 00 00 BA 16 64 16 
21:41:18:844->>>>-发送-68 2F 00 C3 05 00 00 00 00 06 01 BE BE BE BE BE 05 00 00 00 00 00 F0 80 00 12 00 68 12 00 43 01 00 00 00 00 00 F0 80 03 04 00 01 BC 16 14 16 
21:41:19:272-<<<<-接收-68 2D 00 83 04 00 00 00 00 06 05 00 00 00 00 00 01 BE BE BE BE BE F0 80 00 10 00 68 10 00 83 00 00 00 00 58 00 00 02 00 0C E9 16 29 16 
21:41:19:303->>>>-发送-68 2F 00 C3 05 00 00 00 00 07 01 BE BE BE BE BE 05 00 00 00 00 00 F0 80 00 12 00 68 12 00 43 01 00 00 00 00 00 F0 80 03 05 00 01 BD 16 17 16 
21:41:19:551-<<<<-接收-68 2D 00 83 04 00 00 00 00 07 05 00 00 00 00 00 01 BE BE BE BE BE F0 80 00 10 00 68 10 00 83 00 20 00 00 06 00 00 02 00 0C B7 16 C6 16 
21:42:07:705->>>>-发送-68 0F 00 C3 01 00 00 00 00 00 F0 20 03 D7 16 
21:42:09:852-<<<<-接收-68 17 00 C3 00 00 00 00 00 12 F0 04 03 01 05 00 00 00 00 00 01 D3 16 
21:42:11:109->>>>-发送-68 10 00 C3 01 00 00 00 00 01 F0 80 03 01 39 16 
21:42:11:210-<<<<-接收-68 15 00 83 00 00 00 00 06 01 00 01 00 00 00 00 00 00 00 8B 16 
21:42:20:352->>>>-发送-68 2C 00 C3 05 00 00 00 00 02 01 BE BE BE BE BE 05 00 00 00 00 00 F0 80 00 0F 00 68 0F 00 43 01 00 00 00 00 00 10 01 00 55 16 3C 16 
21:42:20:707-<<<<-接收-68 30 00 83 04 00 00 00 00 02 05 00 00 00 00 00 01 BE BE BE BE BE F0 80 00 13 00 68 13 00 83 00 00 00 00 00 00 10 01 00 05 00 F8 07 98 16 89 16 
21:42:20:749->>>>-发送-68 2F 00 C3 05 00 00 00 00 03 01 BE BE BE BE BE 05 00 00 00 00 00 F0 80 00 12 00 68 12 00 43 01 00 00 00 00 00 F0 80 03 01 00 01 B9 16 0B 16 
21:42:21:021-<<<<-接收-68 2D 00 83 04 00 00 00 00 03 05 00 00 00 00 00 01 BE BE BE BE BE F0 80 00 10 00 68 10 00 83 F8 F0 00 00 00 00 00 02 00 0C 79 16 46 16 
21:42:21:034->>>>-发送-68 2F 00 C3 05 00 00 00 00 04 01 BE BE BE BE BE 05 00 00 00 00 00 F0 80 00 12 00 68 12 00 43 01 00 00 00 00 00 F0 80 03 02 00 01 BA 16 0E 16 
21:42:21:363-<<<<-接收-68 2D 00 83 04 00 00 00 00 04 05 00 00 00 00 00 01 BE BE BE BE BE F0 80 00 10 00 68 10 00 83 00 20 00 00 06 00 00 02 00 0C B7 16 C3 16 
21:42:21:389->>>>-发送-68 2F 00 C3 05 00 00 00 00 05 01 BE BE BE BE BE 05 00 00 00 00 00 F0 80 00 12 00 68 12 00 43 01 00 00 00 00 00 F0 80 03 03 00 01 BB 16 11 16 
21:42:22:445-<<<<-接收-68 7A 00 83 04 00 00 00 00 05 05 00 00 00 00 00 01 BE BE BE BE BE F0 80 00 5D 00 68 5D 00 83 00 00 00 00 00 00 F0 80 03 00 00 00 00 00 00 00 00 0C 00 00 00 00 00 00 00 00 00 00 00 0F 00 00 00 00 00 00 00 00 00 45 00 00 00 00 00 03 00 00 00 03 00 00 00 07 00 00 00 05 00 00 00 05 00 00 00 45 00 00 00 03 00 00 00 03 00 00 00 02 00 00 00 00 00 00 00 00 00 BA 16 64 16 
21:42:22:624->>>>-发送-68 2F 00 C3 05 00 00 00 00 06 01 BE BE BE BE BE 05 00 00 00 00 00 F0 80 00 12 00 68 12 00 43 01 00 00 00 00 00 F0 80 03 04 00 01 BC 16 14 16 
21:42:23:039-<<<<-接收-68 2D 00 83 04 00 00 00 00 06 05 00 00 00 00 00 01 BE BE BE BE BE F0 80 00 10 00 68 10 00 83 00 00 00 00 5E 00 00 02 00 0C EF 16 35 16 
21:42:23:063->>>>-发送-68 2F 00 C3 05 00 00 00 00 07 01 BE BE BE BE BE 05 00 00 00 00 00 F0 80 00 12 00 68 12 00 43 01 00 00 00 00 00 F0 80 03 05 00 01 BD 16 17 16 
21:42:23:409-<<<<-接收-68 2D 00 83 04 00 00 00 00 07 05 00 00 00 00 00 01 BE BE BE BE BE F0 80 00 10 00 68 10 00 83 00 20 00 00 06 00 00 02 00 0C B7 16 C6 16 
21:42:58:518->>>>-发送-68 0F 00 C3 01 00 00 00 00 00 F0 20 03 D7 16 
21:43:00:684-<<<<-接收-68 17 00 C3 00 00 00 00 00 14 F0 04 03 01 05 00 00 00 00 00 01 D5 16 
21:43:01:852->>>>-发送-68 10 00 C3 01 00 00 00 00 01 F0 80 03 01 39 16 
21:43:01:946-<<<<-接收-68 15 00 83 00 00 00 00 06 01 00 01 00 00 00 00 00 00 00 8B 16 
21:43:05:585->>>>-发送-68 2C 00 C3 05 00 00 00 00 02 01 BE BE BE BE BE 05 00 00 00 00 00 F0 80 00 0F 00 68 0F 00 43 01 00 00 00 00 00 10 01 00 55 16 3C 16 
21:43:05:940-<<<<-接收-68 30 00 83 04 00 00 00 00 02 05 00 00 00 00 00 01 BE BE BE BE BE F0 80 00 13 00 68 13 00 83 00 00 00 00 00 00 10 01 00 05 00 F8 07 98 16 89 16 
21:43:05:959->>>>-发送-68 2F 00 C3 05 00 00 00 00 03 01 BE BE BE BE BE 05 00 00 00 00 00 F0 80 00 12 00 68 12 00 43 01 00 00 00 00 00 F0 80 03 01 00 01 B9 16 0B 16 
21:43:06:308-<<<<-接收-68 2D 00 83 04 00 00 00 00 03 05 00 00 00 00 00 01 BE BE BE BE BE F0 80 00 10 00 68 10 00 83 F8 F0 00 00 00 00 00 02 00 0C 79 16 46 16 
21:43:06:323->>>>-发送-68 2F 00 C3 05 00 00 00 00 04 01 BE BE BE BE BE 05 00 00 00 00 00 F0 80 00 12 00 68 12 00 43 01 00 00 00 00 00 F0 80 03 02 00 01 BA 16 0E 16 
21:43:06:666-<<<<-接收-68 2D 00 83 04 00 00 00 00 04 05 00 00 00 00 00 01 BE BE BE BE BE F0 80 00 10 00 68 10 00 83 00 20 00 00 06 00 00 02 00 0C B7 16 C3 16 
21:43:06:679->>>>-发送-68 2F 00 C3 05 00 00 00 00 05 01 BE BE BE BE BE 05 00 00 00 00 00 F0 80 00 12 00 68 12 00 43 01 00 00 00 00 00 F0 80 03 03 00 01 BB 16 11 16 
21:43:07:803-<<<<-接收-68 7A 00 83 04 00 00 00 00 05 05 00 00 00 00 00 01 BE BE BE BE BE F0 80 00 5D 00 68 5D 00 83 00 00 00 00 00 00 F0 80 03 00 00 00 00 00 00 00 00 0C 00 00 00 00 00 00 00 00 00 00 00 0F 00 00 00 00 00 00 00 00 00 45 00 00 00 00 00 03 00 00 00 03 00 00 00 07 00 00 00 05 00 00 00 05 00 00 00 45 00 00 00 03 00 00 00 03 00 00 00 02 00 00 00 00 00 00 00 00 00 BA 16 64 16 
21:43:07:942->>>>-发送-68 2F 00 C3 05 00 00 00 00 06 01 BE BE BE BE BE 05 00 00 00 00 00 F0 80 00 12 00 68 12 00 43 01 00 00 00 00 00 F0 80 03 04 00 01 BC 16 14 16 
21:43:08:205-<<<<-接收-68 2D 00 83 04 00 00 00 00 06 05 00 00 00 00 00 01 BE BE BE BE BE F0 80 00 10 00 68 10 00 83 00 00 00 00 66 00 00 02 00 0C F7 16 45 16 
21:43:08:232->>>>-发送-68 2F 00 C3 05 00 00 00 00 07 01 BE BE BE BE BE 05 00 00 00 00 00 F0 80 00 12 00 68 12 00 43 01 00 00 00 00 00 F0 80 03 05 00 01 BD 16 17 16 
21:43:08:573-<<<<-接收-68 2D 00 83 04 00 00 00 00 07 05 00 00 00 00 00 01 BE BE BE BE BE F0 80 00 10 00 68 10 00 83 00 20 00 00 06 00 00 02 00 0C B7 16 C6 16 
21:43:13:018->>>>-发送-68 2C 00 C3 05 00 00 00 00 08 01 BE BE BE BE BE 05 00 00 00 00 00 F0 80 00 0F 00 68 0F 00 43 01 00 00 00 00 00 10 01 00 55 16 42 16 
21:43:13:278-<<<<-接收-68 30 00 83 04 00 00 00 00 08 05 00 00 00 00 00 01 BE BE BE BE BE F0 80 00 13 00 68 13 00 83 00 00 00 00 00 00 10 01 00 05 00 F8 07 98 16 8F 16 
21:43:13:354->>>>-发送-68 2F 00 C3 05 00 00 00 00 09 01 BE BE BE BE BE 05 00 00 00 00 00 F0 80 00 12 00 68 12 00 43 01 00 00 00 00 00 F0 80 03 01 00 01 B9 16 11 16 
21:43:13:627-<<<<-接收-68 2D 00 83 04 00 00 00 00 09 05 00 00 00 00 00 01 BE BE BE BE BE F0 80 00 10 00 68 10 00 83 00 20 00 00 06 00 00 02 00 0C B7 16 C8 16 
21:43:13:653->>>>-发送-68 2F 00 C3 05 00 00 00 00 0A 01 BE BE BE BE BE 05 00 00 00 00 00 F0 80 00 12 00 68 12 00 43 01 00 00 00 00 00 F0 80 03 02 00 01 BA 16 14 16 
21:43:14:073-<<<<-接收-68 2D 00 83 04 00 00 00 00 0A 05 00 00 00 00 00 01 BE BE BE BE BE F0 80 00 10 00 68 10 00 83 00 20 00 00 06 00 00 02 00 0C B7 16 C9 16 
21:43:14:086->>>>-发送-68 2F 00 C3 05 00 00 00 00 0B 01 BE BE BE BE BE 05 00 00 00 00 00 F0 80 00 12 00 68 12 00 43 01 00 00 00 00 00 F0 80 03 03 00 01 BB 16 17 16 
21:43:15:102-<<<<-接收-68 7A 00 83 04 00 00 00 00 0B 05 00 00 00 00 00 01 BE BE BE BE BE F0 80 00 5D 00 68 5D 00 83 00 00 00 00 00 00 F0 80 03 00 00 00 00 00 00 00 00 0C 00 00 00 00 00 00 00 00 00 00 00 0F 00 00 00 00 00 00 00 00 00 45 00 00 00 00 00 03 00 00 00 03 00 00 00 07 00 00 00 05 00 00 00 05 00 00 00 45 00 00 00 03 00 00 00 03 00 00 00 02 00 00 00 00 00 00 00 00 00 BA 16 6A 16 
21:43:15:209->>>>-发送-68 2F 00 C3 05 00 00 00 00 0C 01 BE BE BE BE BE 05 00 00 00 00 00 F0 80 00 12 00 68 12 00 43 01 00 00 00 00 00 F0 80 03 04 00 01 BC 16 1A 16 
21:43:15:451-<<<<-接收-68 2D 00 83 04 00 00 00 00 0C 05 00 00 00 00 00 01 BE BE BE BE BE F0 80 00 10 00 68 10 00 83 00 00 00 00 6C 00 00 02 00 0C FD 16 57 16 
21:43:15:465->>>>-发送-68 2F 00 C3 05 00 00 00 00 0D 01 BE BE BE BE BE 05 00 00 00 00 00 F0 80 00 12 00 68 12 00 43 01 00 00 00 00 00 F0 80 03 05 00 01 BD 16 1D 16 
21:43:15:866-<<<<-接收-68 2D 00 83 04 00 00 00 00 0D 05 00 00 00 00 00 01 BE BE BE BE BE F0 80 00 10 00 68 10 00 83 00 20 00 00 06 00 00 02 00 0C B7 16 CC 16 
21:43:55:869->>>>-发送-68 0F 00 C3 01 00 00 00 00 00 F0 20 03 D7 16 
21:43:58:046-<<<<-接收-68 17 00 C3 00 00 00 00 00 16 F0 04 03 01 05 00 00 00 00 00 01 D7 16 
21:43:59:190->>>>-发送-68 10 00 C3 01 00 00 00 00 01 F0 80 03 01 39 16 
21:43:59:350-<<<<-接收-68 15 00 83 00 00 00 00 06 01 00 01 00 00 00 00 00 00 00 8B 16 
21:44:05:098->>>>-发送-68 2C 00 C3 05 00 00 00 00 02 01 BE BE BE BE BE 05 00 00 00 00 00 F0 80 00 0F 00 68 0F 00 43 01 00 00 00 00 00 10 01 00 55 16 3C 16 
21:44:05:422-<<<<-接收-68 30 00 83 04 00 00 00 00 02 05 00 00 00 00 00 01 BE BE BE BE BE F0 80 00 13 00 68 13 00 83 00 00 00 00 00 00 10 01 00 05 00 F8 07 98 16 89 16 
21:44:05:459->>>>-发送-68 2F 00 C3 05 00 00 00 00 03 01 BE BE BE BE BE 05 00 00 00 00 00 F0 80 00 12 00 68 12 00 43 01 00 00 00 00 00 F0 80 03 01 00 01 B9 16 0B 16 
21:44:05:786-<<<<-接收-68 2D 00 83 04 00 00 00 00 03 05 00 00 00 00 00 01 BE BE BE BE BE F0 80 00 10 00 68 10 00 83 F8 F0 00 00 00 00 00 02 00 0C 79 16 46 16 
21:44:05:803->>>>-发送-68 2F 00 C3 05 00 00 00 00 04 01 BE BE BE BE BE 05 00 00 00 00 00 F0 80 00 12 00 68 12 00 43 01 00 00 00 00 00 F0 80 03 02 00 01 BA 16 0E 16 
21:44:06:145-<<<<-接收-68 2D 00 83 04 00 00 00 00 04 05 00 00 00 00 00 01 BE BE BE BE BE F0 80 00 10 00 68 10 00 83 00 20 00 00 06 00 00 02 00 0C B7 16 C3 16 
21:44:06:162->>>>-发送-68 2F 00 C3 05 00 00 00 00 05 01 BE BE BE BE BE 05 00 00 00 00 00 F0 80 00 12 00 68 12 00 43 01 00 00 00 00 00 F0 80 03 03 00 01 BB 16 11 16 
21:44:07:233-<<<<-接收-68 7A 00 83 04 00 00 00 00 05 05 00 00 00 00 00 01 BE BE BE BE BE F0 80 00 5D 00 68 5D 00 83 00 00 00 00 00 00 F0 80 03 00 00 00 00 00 00 00 00 0C 00 00 00 00 00 00 00 00 00 00 00 0F 00 00 00 00 00 00 00 00 00 45 00 00 00 00 00 03 00 00 00 03 00 00 00 07 00 00 00 05 00 00 00 05 00 00 00 45 00 00 00 03 00 00 00 03 00 00 00 02 00 00 00 00 00 00 00 00 00 BA 16 64 16 
21:44:07:329->>>>-发送-68 2F 00 C3 05 00 00 00 00 06 01 BE BE BE BE BE 05 00 00 00 00 00 F0 80 00 12 00 68 12 00 43 01 00 00 00 00 00 F0 80 03 04 00 01 BC 16 14 16 
21:44:07:619-<<<<-接收-68 2D 00 83 04 00 00 00 00 06 05 00 00 00 00 00 01 BE BE BE BE BE F0 80 00 10 00 68 10 00 83 00 00 00 00 74 00 00 02 00 0C 05 16 61 16 
21:44:07:633->>>>-发送-68 2F 00 C3 05 00 00 00 00 07 01 BE BE BE BE BE 05 00 00 00 00 00 F0 80 00 12 00 68 12 00 43 01 00 00 00 00 00 F0 80 03 05 00 01 BD 16 17 16 
21:44:07:933-<<<<-接收-68 2D 00 83 04 00 00 00 00 07 05 00 00 00 00 00 01 BE BE BE BE BE F0 80 00 10 00 68 10 00 83 00 20 00 00 06 00 00 02 00 0C B7 16 C6 16 
21:44:12:843->>>>-发送-68 2C 00 C3 05 00 00 00 00 08 01 BE BE BE BE BE 05 00 00 00 00 00 F0 80 00 0F 00 68 0F 00 43 01 00 00 00 00 00 10 01 00 55 16 42 16 
21:44:13:138-<<<<-接收-68 30 00 83 04 00 00 00 00 08 05 00 00 00 00 00 01 BE BE BE BE BE F0 80 00 13 00 68 13 00 83 00 00 00 00 00 00 10 01 00 05 00 F8 07 98 16 8F 16 
21:44:13:212->>>>-发送-68 2F 00 C3 05 00 00 00 00 09 01 BE BE BE BE BE 05 00 00 00 00 00 F0 80 00 12 00 68 12 00 43 01 00 00 00 00 00 F0 80 03 01 00 01 B9 16 11 16 
21:44:13:469-<<<<-接收-68 2D 00 83 04 00 00 00 00 09 05 00 00 00 00 00 01 BE BE BE BE BE F0 80 00 10 00 68 10 00 83 00 20 00 00 06 00 00 02 00 0C B7 16 C8 16 
21:44:13:485->>>>-发送-68 2F 00 C3 05 00 00 00 00 0A 01 BE BE BE BE BE 05 00 00 00 00 00 F0 80 00 12 00 68 12 00 43 01 00 00 00 00 00 F0 80 03 02 00 01 BA 16 14 16 
21:44:13:846-<<<<-接收-68 2D 00 83 04 00 00 00 00 0A 05 00 00 00 00 00 01 BE BE BE BE BE F0 80 00 10 00 68 10 00 83 F8 F0 00 00 00 00 00 02 00 0C 79 16 4D 16 
21:44:13:870->>>>-发送-68 2F 00 C3 05 00 00 00 00 0B 01 BE BE BE BE BE 05 00 00 00 00 00 F0 80 00 12 00 68 12 00 43 01 00 00 00 00 00 F0 80 03 03 00 01 BB 16 17 16 
21:44:15:032-<<<<-接收-68 7A 00 83 04 00 00 00 00 0B 05 00 00 00 00 00 01 BE BE BE BE BE F0 80 00 5D 00 68 5D 00 83 00 00 00 00 00 00 F0 80 03 00 00 00 00 00 00 00 00 0C 00 00 00 00 00 00 00 00 00 00 00 0F 00 00 00 00 00 00 00 00 00 45 00 00 00 00 00 03 00 00 00 03 00 00 00 07 00 00 00 05 00 00 00 05 00 00 00 45 00 00 00 03 00 00 00 03 00 00 00 02 00 00 00 00 00 00 00 00 00 BA 16 6A 16 
21:44:15:145->>>>-发送-68 2F 00 C3 05 00 00 00 00 0C 01 BE BE BE BE BE 05 00 00 00 00 00 F0 80 00 12 00 68 12 00 43 01 00 00 00 00 00 F0 80 03 04 00 01 BC 16 1A 16 
21:44:15:435-<<<<-接收-68 2D 00 83 04 00 00 00 00 0C 05 00 00 00 00 00 01 BE BE BE BE BE F0 80 00 10 00 68 10 00 83 00 00 00 00 7A 00 00 02 00 0C 0B 16 73 16 
21:44:15:452->>>>-发送-68 2F 00 C3 05 00 00 00 00 0D 01 BE BE BE BE BE 05 00 00 00 00 00 F0 80 00 12 00 68 12 00 43 01 00 00 00 00 00 F0 80 03 05 00 01 BD 16 1D 16 
21:44:15:735-<<<<-接收-68 2D 00 83 04 00 00 00 00 0D 05 00 00 00 00 00 01 BE BE BE BE BE F0 80 00 10 00 68 10 00 83 00 20 00 00 06 00 00 02 00 0C B7 16 CC 16 
21:44:46:628->>>>-发送-68 0F 00 C3 01 00 00 00 00 00 F0 20 03 D7 16 
21:44:48:746-<<<<-接收-68 17 00 C3 00 00 00 00 00 18 F0 04 03 01 05 00 00 00 00 00 01 D9 16 
21:44:49:902->>>>-发送-68 10 00 C3 01 00 00 00 00 01 F0 80 03 01 39 16 
21:44:50:004-<<<<-接收-68 15 00 83 00 00 00 00 06 01 00 01 00 00 00 00 00 00 00 8B 16 
21:45:00:971->>>>-发送-68 2C 00 C3 05 00 00 00 00 02 01 BE BE BE BE BE 05 00 00 00 00 00 F0 80 00 0F 00 68 0F 00 43 01 00 00 00 00 00 10 01 00 55 16 3C 16 
21:45:01:274-<<<<-接收-68 30 00 83 04 00 00 00 00 02 05 00 00 00 00 00 01 BE BE BE BE BE F0 80 00 13 00 68 13 00 83 00 00 00 00 00 00 10 01 00 05 00 F8 07 98 16 89 16 
21:45:01:337->>>>-发送-68 2F 00 C3 05 00 00 00 00 03 01 BE BE BE BE BE 05 00 00 00 00 00 F0 80 00 12 00 68 12 00 43 01 00 00 00 00 00 F0 80 03 01 00 01 B9 16 0B 16 
21:45:01:732-<<<<-接收-68 2D 00 83 04 00 00 00 00 03 05 00 00 00 00 00 01 BE BE BE BE BE F0 80 00 10 00 68 10 00 83 F8 F0 00 00 00 00 00 02 00 0C 79 16 46 16 
21:45:01:756->>>>-发送-68 2F 00 C3 05 00 00 00 00 04 01 BE BE BE BE BE 05 00 00 00 00 00 F0 80 00 12 00 68 12 00 43 01 00 00 00 00 00 F0 80 03 02 00 01 BA 16 0E 16 
21:45:02:067-<<<<-接收-68 2D 00 83 04 00 00 00 00 04 05 00 00 00 00 00 01 BE BE BE BE BE F0 80 00 10 00 68 10 00 83 00 20 00 00 06 00 00 02 00 0C B7 16 C3 16 
21:45:02:084->>>>-发送-68 2F 00 C3 05 00 00 00 00 05 01 BE BE BE BE BE 05 00 00 00 00 00 F0 80 00 12 00 68 12 00 43 01 00 00 00 00 00 F0 80 03 03 00 01 BB 16 11 16 
21:45:03:195-<<<<-接收-68 7A 00 83 04 00 00 00 00 05 05 00 00 00 00 00 01 BE BE BE BE BE F0 80 00 5D 00 68 5D 00 83 00 00 00 00 00 00 F0 80 03 00 00 00 00 00 00 00 00 0C 00 00 00 00 00 00 00 00 00 00 00 0F 00 00 00 00 00 00 00 00 00 45 00 00 00 00 00 03 00 00 00 03 00 00 00 07 00 00 00 05 00 00 00 05 00 00 00 45 00 00 00 03 00 00 00 03 00 00 00 02 00 00 00 00 00 00 00 00 00 BA 16 64 16 
21:45:03:292->>>>-发送-68 2F 00 C3 05 00 00 00 00 06 01 BE BE BE BE BE 05 00 00 00 00 00 F0 80 00 12 00 68 12 00 43 01 00 00 00 00 00 F0 80 03 04 00 01 BC 16 14 16 
21:45:03:554-<<<<-接收-68 2D 00 83 04 00 00 00 00 06 05 00 00 00 00 00 01 BE BE BE BE BE F0 80 00 10 00 68 10 00 83 00 00 00 00 82 00 00 02 00 0C 13 16 7D 16 
21:45:03:620->>>>-发送-68 2F 00 C3 05 00 00 00 00 07 01 BE BE BE BE BE 05 00 00 00 00 00 F0 80 00 12 00 68 12 00 43 01 00 00 00 00 00 F0 80 03 05 00 01 BD 16 17 16 
21:45:04:042-<<<<-接收-68 2D 00 83 04 00 00 00 00 07 05 00 00 00 00 00 01 BE BE BE BE BE F0 80 00 10 00 68 10 00 83 00 20 00 00 06 00 00 02 00 0C B7 16 C6 16 
21:45:32:572->>>>-发送-68 0F 00 C3 01 00 00 00 00 00 F0 20 03 D7 16 
21:45:34:674-<<<<-接收-68 17 00 C3 00 00 00 00 00 1A F0 04 03 01 05 00 00 00 00 00 01 DB 16 
21:45:35:988->>>>-发送-68 10 00 C3 01 00 00 00 00 01 F0 80 03 01 39 16 
21:45:36:079-<<<<-接收-68 15 00 83 00 00 00 00 06 01 00 01 00 00 00 00 00 00 00 8B 16 
21:45:39:796->>>>-发送-68 2C 00 C3 05 00 00 00 00 02 01 BE BE BE BE BE 05 00 00 00 00 00 F0 80 00 0F 00 68 0F 00 43 01 00 00 00 00 00 10 01 00 55 16 3C 16 
21:45:40:069-<<<<-接收-68 30 00 83 04 00 00 00 00 02 05 00 00 00 00 00 01 BE BE BE BE BE F0 80 00 13 00 68 13 00 83 00 00 00 00 00 00 10 01 00 05 00 F8 07 98 16 89 16 
21:45:40:086->>>>-发送-68 2F 00 C3 05 00 00 00 00 03 01 BE BE BE BE BE 05 00 00 00 00 00 F0 80 00 12 00 68 12 00 43 01 00 00 00 00 00 F0 80 03 01 00 01 B9 16 0B 16 
21:45:40:450-<<<<-接收-68 2D 00 83 04 00 00 00 00 03 05 00 00 00 00 00 01 BE BE BE BE BE F0 80 00 10 00 68 10 00 83 F8 F0 00 00 00 00 00 02 00 0C 79 16 46 16 
21:45:40:462->>>>-发送-68 2F 00 C3 05 00 00 00 00 04 01 BE BE BE BE BE 05 00 00 00 00 00 F0 80 00 12 00 68 12 00 43 01 00 00 00 00 00 F0 80 03 02 00 01 BA 16 0E 16 
21:45:40:787-<<<<-接收-68 2D 00 83 04 00 00 00 00 04 05 00 00 00 00 00 01 BE BE BE BE BE F0 80 00 10 00 68 10 00 83 00 20 00 00 06 00 00 02 00 0C B7 16 C3 16 
21:45:40:809->>>>-发送-68 2F 00 C3 05 00 00 00 00 05 01 BE BE BE BE BE 05 00 00 00 00 00 F0 80 00 12 00 68 12 00 43 01 00 00 00 00 00 F0 80 03 03 00 01 BB 16 11 16 
21:45:41:907-<<<<-接收-68 7A 00 83 04 00 00 00 00 05 05 00 00 00 00 00 01 BE BE BE BE BE F0 80 00 5D 00 68 5D 00 83 00 00 00 00 00 00 F0 80 03 00 00 00 00 00 00 00 00 0C 00 00 00 00 00 00 00 00 00 00 00 0F 00 00 00 00 00 00 00 00 00 45 00 00 00 00 00 03 00 00 00 03 00 00 00 07 00 00 00 05 00 00 00 05 00 00 00 45 00 00 00 03 00 00 00 03 00 00 00 02 00 00 00 00 00 00 00 00 00 BA 16 64 16 
21:45:42:006->>>>-发送-68 2F 00 C3 05 00 00 00 00 06 01 BE BE BE BE BE 05 00 00 00 00 00 F0 80 00 12 00 68 12 00 43 01 00 00 00 00 00 F0 80 03 04 00 01 BC 16 14 16 
21:45:42:332-<<<<-接收-68 2D 00 83 04 00 00 00 00 06 05 00 00 00 00 00 01 BE BE BE BE BE F0 80 00 10 00 68 10 00 83 00 00 00 00 88 00 00 02 00 0C 19 16 89 16 
21:45:42:380->>>>-发送-68 2F 00 C3 05 00 00 00 00 07 01 BE BE BE BE BE 05 00 00 00 00 00 F0 80 00 12 00 68 12 00 43 01 00 00 00 00 00 F0 80 03 05 00 01 BD 16 17 16 
21:45:42:692-<<<<-接收-68 2D 00 83 04 00 00 00 00 07 05 00 00 00 00 00 01 BE BE BE BE BE F0 80 00 10 00 68 10 00 83 00 20 00 00 06 00 00 02 00 0C B7 16 C6 16 
21:47:14:101->>>>-发送-68 0F 00 C3 01 00 00 00 00 00 F0 20 03 D7 16 
21:47:16:215-<<<<-接收-68 17 00 C3 00 00 00 00 00 1C F0 04 03 01 05 00 00 00 00 00 01 DD 16 
21:47:17:451->>>>-发送-68 10 00 C3 01 00 00 00 00 01 F0 80 03 01 39 16 
21:47:17:552-<<<<-接收-68 15 00 83 00 00 00 00 06 01 00 01 00 00 00 00 00 00 00 8B 16 
21:47:22:663->>>>-发送-68 2C 00 C3 05 00 00 00 00 02 01 BE BE BE BE BE 05 00 00 00 00 00 F0 80 00 0F 00 68 0F 00 43 01 00 00 00 00 00 10 01 00 55 16 3C 16 
21:47:22:994-<<<<-接收-68 30 00 83 04 00 00 00 00 02 05 00 00 00 00 00 01 BE BE BE BE BE F0 80 00 13 00 68 13 00 83 00 00 00 00 00 00 10 01 00 05 00 F8 07 98 16 89 16 
21:47:23:036->>>>-发送-68 2F 00 C3 05 00 00 00 00 03 01 BE BE BE BE BE 05 00 00 00 00 00 F0 80 00 12 00 68 12 00 43 01 00 00 00 00 00 F0 80 03 01 00 01 B9 16 0B 16 
21:47:23:354-<<<<-接收-68 2D 00 83 04 00 00 00 00 03 05 00 00 00 00 00 01 BE BE BE BE BE F0 80 00 10 00 68 10 00 83 F8 F0 00 00 00 00 00 02 00 0C 79 16 46 16 
21:47:23:400->>>>-发送-68 2F 00 C3 05 00 00 00 00 04 01 BE BE BE BE BE 05 00 00 00 00 00 F0 80 00 12 00 68 12 00 43 01 00 00 00 00 00 F0 80 03 02 00 01 BA 16 0E 16 
21:47:23:722-<<<<-接收-68 2D 00 83 04 00 00 00 00 04 05 00 00 00 00 00 01 BE BE BE BE BE F0 80 00 10 00 68 10 00 83 00 20 00 00 06 00 00 02 00 0C B7 16 C3 16 
21:47:23:737->>>>-发送-68 2F 00 C3 05 00 00 00 00 05 01 BE BE BE BE BE 05 00 00 00 00 00 F0 80 00 12 00 68 12 00 43 01 00 00 00 00 00 F0 80 03 03 00 01 BB 16 11 16 
21:47:24:809-<<<<-接收-68 7A 00 83 04 00 00 00 00 05 05 00 00 00 00 00 01 BE BE BE BE BE F0 80 00 5D 00 68 5D 00 83 00 00 00 00 00 00 F0 80 03 00 00 00 00 00 00 00 00 0C 00 00 00 00 00 00 00 00 00 00 00 0F 00 00 00 00 00 00 00 00 00 45 00 00 00 00 00 03 00 00 00 03 00 00 00 07 00 00 00 05 00 00 00 05 00 00 00 45 00 00 00 03 00 00 00 03 00 00 00 02 00 00 00 00 00 00 00 00 00 BA 16 64 16 
21:47:24:899->>>>-发送-68 2F 00 C3 05 00 00 00 00 06 01 BE BE BE BE BE 05 00 00 00 00 00 F0 80 00 12 00 68 12 00 43 01 00 00 00 00 00 F0 80 03 04 00 01 BC 16 14 16 
21:47:25:203-<<<<-接收-68 2D 00 83 04 00 00 00 00 06 05 00 00 00 00 00 01 BE BE BE BE BE F0 80 00 10 00 68 10 00 83 00 00 00 00 90 00 00 02 00 0C 21 16 99 16 
21:47:25:222->>>>-发送-68 2F 00 C3 05 00 00 00 00 07 01 BE BE BE BE BE 05 00 00 00 00 00 F0 80 00 12 00 68 12 00 43 01 00 00 00 00 00 F0 80 03 05 00 01 BD 16 17 16 
21:47:25:507-<<<<-接收-68 2D 00 83 04 00 00 00 00 07 05 00 00 00 00 00 01 BE BE BE BE BE F0 80 00 10 00 68 10 00 83 00 20 00 00 06 00 00 02 00 0C B7 16 C6 16 
21:47:31:107->>>>-发送-68 2C 00 C3 05 00 00 00 00 08 01 BE BE BE BE BE 05 00 00 00 00 00 F0 80 00 0F 00 68 0F 00 43 01 00 00 00 00 00 10 01 00 55 16 42 16 
21:47:31:464-<<<<-接收-68 30 00 83 04 00 00 00 00 08 05 00 00 00 00 00 01 BE BE BE BE BE F0 80 00 13 00 68 13 00 83 00 00 00 00 00 00 10 01 00 05 00 F8 07 98 16 8F 16 
21:47:31:523->>>>-发送-68 2F 00 C3 05 00 00 00 00 09 01 BE BE BE BE BE 05 00 00 00 00 00 F0 80 00 12 00 68 12 00 43 01 00 00 00 00 00 F0 80 03 01 00 01 B9 16 11 16 
21:47:31:798-<<<<-接收-68 2D 00 83 04 00 00 00 00 09 05 00 00 00 00 00 01 BE BE BE BE BE F0 80 00 10 00 68 10 00 83 00 20 00 00 06 00 00 02 00 0C B7 16 C8 16 
21:47:31:842->>>>-发送-68 2F 00 C3 05 00 00 00 00 0A 01 BE BE BE BE BE 05 00 00 00 00 00 F0 80 00 12 00 68 12 00 43 01 00 00 00 00 00 F0 80 03 02 00 01 BA 16 14 16 
21:47:32:176-<<<<-接收-68 2D 00 83 04 00 00 00 00 0A 05 00 00 00 00 00 01 BE BE BE BE BE F0 80 00 10 00 68 10 00 83 00 20 00 00 06 00 00 02 00 0C B7 16 C9 16 
21:47:32:193->>>>-发送-68 2F 00 C3 05 00 00 00 00 0B 01 BE BE BE BE BE 05 00 00 00 00 00 F0 80 00 12 00 68 12 00 43 01 00 00 00 00 00 F0 80 03 03 00 01 BB 16 17 16 
21:47:33:318-<<<<-接收-68 7A 00 83 04 00 00 00 00 0B 05 00 00 00 00 00 01 BE BE BE BE BE F0 80 00 5D 00 68 5D 00 83 00 00 00 00 00 00 F0 80 03 00 00 00 00 00 00 00 00 0C 00 00 00 00 00 00 00 00 00 00 00 0F 00 00 00 00 00 00 00 00 00 45 00 00 00 00 00 03 00 00 00 03 00 00 00 07 00 00 00 05 00 00 00 05 00 00 00 45 00 00 00 03 00 00 00 03 00 00 00 02 00 00 00 00 00 00 00 00 00 BA 16 6A 16 
21:47:33:416->>>>-发送-68 2F 00 C3 05 00 00 00 00 0C 01 BE BE BE BE BE 05 00 00 00 00 00 F0 80 00 12 00 68 12 00 43 01 00 00 00 00 00 F0 80 03 04 00 01 BC 16 1A 16 
21:47:33:771-<<<<-接收-68 2D 00 83 04 00 00 00 00 0C 05 00 00 00 00 00 01 BE BE BE BE BE F0 80 00 10 00 68 10 00 83 00 00 00 00 96 00 00 02 00 0C 27 16 AB 16 
21:47:33:822->>>>-发送-68 2F 00 C3 05 00 00 00 00 0D 01 BE BE BE BE BE 05 00 00 00 00 00 F0 80 00 12 00 68 12 00 43 01 00 00 00 00 00 F0 80 03 05 00 01 BD 16 1D 16 
21:47:34:167-<<<<-接收-68 2D 00 83 04 00 00 00 00 0D 05 00 00 00 00 00 01 BE BE BE BE BE F0 80 00 10 00 68 10 00 83 00 20 00 00 06 00 00 02 00 0C B7 16 CC 16 
21:48:15:488->>>>-发送-68 0F 00 C3 01 00 00 00 00 00 F0 20 03 D7 16 
21:48:17:673-<<<<-接收-68 17 00 C3 00 00 00 00 00 1E F0 04 03 01 05 00 00 00 00 00 01 DF 16 
21:48:18:924->>>>-发送-68 10 00 C3 01 00 00 00 00 01 F0 80 03 01 39 16 
21:48:19:026-<<<<-接收-68 15 00 83 00 00 00 00 06 01 00 01 00 00 00 00 00 00 00 8B 16 
21:48:27:608->>>>-发送-68 2C 00 C3 05 00 00 00 00 02 01 BE BE BE BE BE 05 00 00 00 00 00 F0 80 00 0F 00 68 0F 00 43 01 00 00 00 00 00 10 01 00 55 16 3C 16 
21:48:27:892-<<<<-接收-68 30 00 83 04 00 00 00 00 02 05 00 00 00 00 00 01 BE BE BE BE BE F0 80 00 13 00 68 13 00 83 00 00 00 00 00 00 10 01 00 05 00 F8 07 98 16 89 16 
21:48:27:959->>>>-发送-68 2F 00 C3 05 00 00 00 00 03 01 BE BE BE BE BE 05 00 00 00 00 00 F0 80 00 12 00 68 12 00 43 01 00 00 00 00 00 F0 80 03 01 00 01 B9 16 0B 16 
21:48:28:211-<<<<-接收-68 2D 00 83 04 00 00 00 00 03 05 00 00 00 00 00 01 BE BE BE BE BE F0 80 00 10 00 68 10 00 83 F8 F0 00 00 00 00 00 02 00 0C 79 16 46 16 
21:48:28:267->>>>-发送-68 2F 00 C3 05 00 00 00 00 04 01 BE BE BE BE BE 05 00 00 00 00 00 F0 80 00 12 00 68 12 00 43 01 00 00 00 00 00 F0 80 03 02 00 01 BA 16 0E 16 
21:48:28:583-<<<<-接收-68 2D 00 83 04 00 00 00 00 04 05 00 00 00 00 00 01 BE BE BE BE BE F0 80 00 10 00 68 10 00 83 00 20 00 00 06 00 00 02 00 0C B7 16 C3 16 
21:48:28:606->>>>-发送-68 2F 00 C3 05 00 00 00 00 05 01 BE BE BE BE BE 05 00 00 00 00 00 F0 80 00 12 00 68 12 00 43 01 00 00 00 00 00 F0 80 03 03 00 01 BB 16 11 16 
21:48:29:682-<<<<-接收-68 7A 00 83 04 00 00 00 00 05 05 00 00 00 00 00 01 BE BE BE BE BE F0 80 00 5D 00 68 5D 00 83 00 00 00 00 00 00 F0 80 03 00 00 00 00 00 00 00 00 0C 00 00 00 00 00 00 00 00 00 00 00 0F 00 00 00 00 00 00 00 00 00 45 00 00 00 00 00 03 00 00 00 03 00 00 00 07 00 00 00 05 00 00 00 05 00 00 00 45 00 00 00 03 00 00 00 03 
21:48:29:704->>>>-发送-68 2F 00 C3 05 00 00 00 00 06 01 BE BE BE BE BE 05 00 00 00 00 00 F0 80 00 12 00 68 12 00 43 01 00 00 00 00 00 F0 80 03 04 00 01 BC 16 14 16 
21:48:29:734-<<<<-接收-00 00 BA 16 64 16 
21:48:29:749->>>>-发送-68 2F 00 C3 05 00 00 00 00 07 01 BE BE BE BE BE 05 00 00 00 00 00 F0 80 00 12 00 68 12 00 43 01 00 00 00 00 00 F0 80 03 05 00 01 BD 16 17 16 
21:48:30:120-<<<<-接收-68 2D 00 83 04 00 00 00 00 06 05 00 00 00 00 00 01 BE BE BE BE BE F0 80 00 10 00 68 10 00 83 00 00 00 00 9E 00 00 02 00 0C 2F 16 B5 16 
21:48:42:892->>>>-发送-68 2C 00 C3 05 00 00 00 00 08 01 BE BE BE BE BE 05 00 00 00 00 00 F0 80 00 0F 00 68 0F 00 43 01 00 00 00 00 00 10 01 00 55 16 42 16 
21:48:43:131-<<<<-接收-68 30 00 83 04 00 00 00 00 08 05 00 00 00 00 00 01 BE BE BE BE BE F0 80 00 13 00 68 13 00 83 00 00 00 00 00 00 10 01 00 05 00 F8 07 98 16 8F 16 
21:48:43:205->>>>-发送-68 2F 00 C3 05 00 00 00 00 09 01 BE BE BE BE BE 05 00 00 00 00 00 F0 80 00 12 00 68 12 00 43 01 00 00 00 00 00 F0 80 03 01 00 01 B9 16 11 16 
21:48:43:544-<<<<-接收-68 2D 00 83 04 00 00 00 00 09 05 00 00 00 00 00 01 BE BE BE BE BE F0 80 00 10 00 68 10 00 83 F8 F0 00 00 00 00 00 02 00 0C 79 16 4C 16 
21:48:43:555->>>>-发送-68 2F 00 C3 05 00 00 00 00 0A 01 BE BE BE BE BE 05 00 00 00 00 00 F0 80 00 12 00 68 12 00 43 01 00 00 00 00 00 F0 80 03 02 00 01 BA 16 14 16 
21:48:43:853-<<<<-接收-68 2D 00 83 04 00 00 00 00 0A 05 00 00 00 00 00 01 BE BE BE BE BE F0 80 00 10 00 68 10 00 83 00 20 00 00 06 00 00 02 00 0C B7 16 C9 16 
21:48:43:866->>>>-发送-68 2F 00 C3 05 00 00 00 00 0B 01 BE BE BE BE BE 05 00 00 00 00 00 F0 80 00 12 00 68 12 00 43 01 00 00 00 00 00 F0 80 03 03 00 01 BB 16 17 16 
21:48:44:890-<<<<-接收-68 7A 00 83 04 00 00 00 00 0B 05 00 00 00 00 00 01 BE BE BE BE BE F0 80 00 5D 00 68 5D 00 83 00 00 00 00 00 00 F0 80 03 00 00 00 00 00 00 00 00 0C 00 00 00 00 00 00 00 00 00 00 00 0F 00 00 00 00 00 00 00 00 00 45 00 00 00 00 00 03 00 00 00 03 00 00 00 07 00 00 00 05 00 00 00 05 00 00 00 45 00 00 00 03 00 00 00 03 00 00 00 02 00 00 00 00 00 00 00 00 00 BA 16 6A 16 
21:48:44:982->>>>-发送-68 2F 00 C3 05 00 00 00 00 0C 01 BE BE BE BE BE 05 00 00 00 00 00 F0 80 00 12 00 68 12 00 43 01 00 00 00 00 00 F0 80 03 04 00 01 BC 16 1A 16 
21:48:45:367-<<<<-接收-68 2D 00 83 04 00 00 00 00 0C 05 00 00 00 00 00 01 BE BE BE BE BE F0 80 00 10 00 68 10 00 83 00 00 00 00 A4 00 00 02 00 0C 35 16 C7 16 
21:48:45:395->>>>-发送-68 2F 00 C3 05 00 00 00 00 0D 01 BE BE BE BE BE 05 00 00 00 00 00 F0 80 00 12 00 68 12 00 43 01 00 00 00 00 00 F0 80 03 05 00 01 BD 16 1D 16 
21:48:45:641-<<<<-接收-68 2D 00 83 04 00 00 00 00 0D 05 00 00 00 00 00 01 BE BE BE BE BE F0 80 00 10 00 68 10 00 83 00 20 00 00 06 00 00 02 00 0C B7 16 CC 16 
21:49:30:079->>>>-发送-68 0F 00 C3 01 00 00 00 00 00 F0 20 03 D7 16 
21:49:32:187-<<<<-接收-68 17 00 C3 00 00 00 00 00 20 F0 04 03 01 05 00 00 00 00 00 01 E1 16 
21:49:33:611->>>>-发送-68 10 00 C3 01 00 00 00 00 01 F0 80 03 01 39 16 
21:49:33:714-<<<<-接收-68 15 00 83 00 00 00 00 06 01 00 01 00 00 00 00 00 00 00 8B 16 
