11:14:26:087->>>>-发送-68 00 00 0C 00 16 
11:16:08:159->>>>-发送-68 00 00 0C 00 16 
11:16:12:999->>>>-发送-68 00 04 01 CC CC CC 00 64 16 
11:22:17:222->>>>-发送-68 00 00 0C 00 16 
11:22:18:153-<<<<-接收-68 00 65 8C 0A 18 00 00 00 00 00 74 5D B3 00 18 00 00 E0 08 00 74 5D B3 00 9C 78 21 64 01 A8 74 5D B3 00 3D E2 05 02 50 38 74 5D B3 00 0C F8 10 DC 00 B4 74 5D B3 00 18 00 00 F0 00 00 74 5D B3 00 19 80 01 78 01 00 74 5D B3 00 1C 00 01 40 00 20 74 5D B3 00 18 00 00 40 00 00 74 5D B3 00 11 A8 26 F8 10 75 74 5D B3 00 2A 16 
11:22:48:997->>>>-发送-68 00 04 01 74 5D B3 00 84 16 
11:22:50:016-<<<<-接收-68 00 01 81 00 00 16 
11:23:45:072->>>>-发送-68 00 00 07 00 16 
11:23:45:899-<<<<-接收-68 00 1C 87 01 00 00 02 01 00 00 00 55 00 00 00 00 66 02 01 02 00 01 00 22 22 22 22 22 12 04 02 87 16 
11:24:07:588->>>>-发送-68 00 00 07 00 16 
11:24:08:289-<<<<-接收-68 00 1C 87 01 00 00 02 01 00 00 00 55 00 00 00 00 66 02 01 02 00 01 00 22 22 22 22 22 12 04 02 87 16 
11:24:08:508-<<<<-接收-68 00 28 87 02 00 00 03 03 00 01 00 55 33 33 33 33 66 04 02 04 00 01 00 22 44 44 44 44 12 04 02 05 00 01 00 22 55 55 55 55 12 04 02 79 16 
11:24:08:691-<<<<-接收-68 00 10 87 04 01 00 01 06 00 04 00 55 66 66 66 66 66 04 03 6A 16 
