10:01:40:363->>>>-发送-68 0F 00 C3 01 00 00 00 00 00 F0 20 03 D7 16 
10:01:42:473-<<<<-接收-68 17 00 C3 00 00 00 00 00 01 F0 04 03 01 05 00 00 00 00 00 01 C2 16 
10:01:43:905->>>>-发送-68 10 00 C3 01 00 00 00 00 01 F0 80 03 01 39 16 
10:01:43:989-<<<<-接收-68 15 00 83 00 00 00 00 06 01 00 01 00 00 00 00 00 00 00 8B 16 
10:01:46:163->>>>-发送-68 2C 00 C3 05 00 00 00 00 03 01 BE BE BE BE BE 05 00 00 00 00 00 F0 80 00 0F 00 68 0F 00 C3 01 00 00 00 00 02 F0 02 01 B9 16 05 16 
10:01:46:855-<<<<-接收-68 2E 00 83 04 00 00 00 00 03 05 00 00 00 00 00 01 BE BE BE BE BE F0 80 00 11 00 68 11 00 83 00 20 00 00 00 02 F0 02 01 02 00 9A 16 8A 16 
10:01:46:856->>>>-发送-68 2F 00 C3 05 00 00 00 00 05 01 BE BE BE BE BE 05 00 00 00 00 00 F0 80 00 12 00 68 12 00 C3 01 00 00 00 00 04 F0 01 01 00 00 02 BC 16 13 16 
10:01:47:568-<<<<-接收-68 4D 00 83 04 00 00 00 00 05 05 00 00 00 00 00 01 BE BE BE BE BE F0 80 00 30 00 68 30 00 83 00 20 00 00 00 04 F0 01 01 02 00 00 00 02 90 03 00 00 00 00 02 00 01 00 42 50 00 00 01 BE BE BE BE BE FE 03 00 00 00 00 00 00 7D 16 90 16 
10:01:47:904->>>>-发送-68 2F 00 C3 05 00 00 00 00 07 01 BE BE BE BE BE 05 00 00 00 00 00 F0 80 00 12 00 68 12 00 C3 01 00 00 00 00 06 10 01 00 00 00 02 DD 16 57 16 
10:01:48:597-<<<<-接收-68 30 00 83 04 00 00 00 00 07 05 00 00 00 00 00 01 BE BE BE BE BE F0 80 00 13 00 68 13 00 83 00 00 00 00 00 06 10 01 00 04 00 F8 07 9D 16 98 16 
10:01:48:600->>>>-发送-68 2F 00 C3 05 00 00 00 00 09 01 BE BE BE BE BE 05 00 00 00 00 00 F0 80 00 12 00 68 12 00 C3 01 00 00 00 00 08 10 02 00 01 00 04 E3 16 65 16 
10:01:49:313-<<<<-接收-68 4F 00 83 04 00 00 00 00 09 05 00 00 00 00 00 01 BE BE BE BE BE F0 80 00 32 00 68 32 00 83 00 00 00 00 00 08 10 02 00 04 00 04 92 00 00 00 00 00 00 10 47 54 00 00 00 00 00 10 33 00 00 14 00 00 00 10 90 03 00 00 00 00 00 10 EC 16 76 16 
10:02:01:453->>>>-发送-68 2C 00 C3 05 00 00 00 00 0B 01 BE BE BE BE BE 05 00 00 00 00 00 F0 80 00 0F 00 68 0F 00 C3 01 00 00 00 00 0A F0 02 01 C1 16 1D 16 
10:02:02:122-<<<<-接收-68 2E 00 83 04 00 00 00 00 0B 05 00 00 00 00 00 01 BE BE BE BE BE F0 80 00 11 00 68 11 00 83 00 20 00 00 00 0A F0 02 01 02 00 A2 16 A2 16 
10:02:02:124->>>>-发送-68 2F 00 C3 05 00 00 00 00 0D 01 BE BE BE BE BE 05 00 00 00 00 00 F0 80 00 12 00 68 12 00 C3 01 00 00 00 00 0C F0 01 01 00 00 02 C4 16 2B 16 
10:02:02:824-<<<<-接收-68 4D 00 83 04 00 00 00 00 0D 05 00 00 00 00 00 01 BE BE BE BE BE F0 80 00 30 00 68 30 00 83 00 20 00 00 00 0C F0 01 01 02 00 00 00 02 90 03 00 00 00 00 02 00 01 00 42 4E 00 00 01 BE BE BE BE BE FE 03 00 00 00 00 00 00 83 16 A4 16 
10:02:03:156->>>>-发送-68 2F 00 C3 05 00 00 00 00 0F 01 BE BE BE BE BE 05 00 00 00 00 00 F0 80 00 12 00 68 12 00 C3 01 00 00 00 00 0E 10 01 00 00 00 02 E5 16 6F 16 
10:02:03:834-<<<<-接收-68 30 00 83 04 00 00 00 00 0F 05 00 00 00 00 00 01 BE BE BE BE BE F0 80 00 13 00 68 13 00 83 00 00 00 00 00 0E 10 01 00 04 00 F8 07 A5 16 B0 16 
10:02:03:836->>>>-发送-68 2F 00 C3 05 00 00 00 00 11 01 BE BE BE BE BE 05 00 00 00 00 00 F0 80 00 12 00 68 12 00 C3 01 00 00 00 00 10 10 02 00 01 00 04 EB 16 7D 16 
10:02:04:520-<<<<-接收-68 4F 00 83 04 00 00 00 00 11 05 00 00 00 00 00 01 BE BE BE BE BE F0 80 00 32 00 68 32 00 83 00 00 00 00 00 10 10 02 00 04 00 04 92 00 00 00 00 00 00 10 47 54 00 00 00 00 00 10 33 00 00 14 00 00 00 10 90 03 00 00 00 00 00 10 F4 16 8E 16 
10:05:42:834->>>>-发送-68 2C 00 C3 05 00 00 00 00 13 01 BE BE BE BE BE 05 00 00 00 00 00 F0 80 00 0F 00 68 0F 00 C3 01 00 00 00 00 12 F0 02 01 C9 16 35 16 
10:05:43:520-<<<<-接收-68 2E 00 83 04 00 00 00 00 13 05 00 00 00 00 00 01 BE BE BE BE BE F0 80 00 11 00 68 11 00 83 00 20 00 00 00 12 F0 02 01 02 00 AA 16 BA 16 
10:05:43:522->>>>-发送-68 2F 00 C3 05 00 00 00 00 15 01 BE BE BE BE BE 05 00 00 00 00 00 F0 80 00 12 00 68 12 00 C3 01 00 00 00 00 14 F0 01 01 00 00 02 CC 16 43 16 
10:05:44:222-<<<<-接收-68 4D 00 83 04 00 00 00 00 15 05 00 00 00 00 00 01 BE BE BE BE BE F0 80 00 30 00 68 30 00 83 00 20 00 00 00 14 F0 01 01 02 00 00 00 02 90 03 00 00 00 00 02 00 01 00 42 46 00 00 01 BE BE BE BE BE FE 03 00 00 00 00 00 00 83 16 AC 16 
10:05:44:575->>>>-发送-68 2F 00 C3 05 00 00 00 00 17 01 BE BE BE BE BE 05 00 00 00 00 00 F0 80 00 12 00 68 12 00 C3 01 00 00 00 00 16 10 01 00 00 00 02 ED 16 87 16 
10:05:45:276-<<<<-接收-68 30 00 83 04 00 00 00 00 17 05 00 00 00 00 00 01 BE BE BE BE BE F0 80 00 13 00 68 13 00 83 00 00 00 00 00 16 10 01 00 04 00 F8 07 AD 16 C8 16 
10:05:45:277->>>>-发送-68 2F 00 C3 05 00 00 00 00 19 01 BE BE BE BE BE 05 00 00 00 00 00 F0 80 00 12 00 68 12 00 C3 01 00 00 00 00 18 10 02 00 01 00 04 F3 16 95 16 
10:05:45:967-<<<<-接收-68 4F 00 83 04 00 00 00 00 19 05 00 00 00 00 00 01 BE BE BE BE BE F0 80 00 32 00 68 32 00 83 00 00 00 00 00 18 10 02 00 04 00 04 92 00 00 00 00 00 00 10 47 54 00 00 00 00 00 10 33 00 00 14 00 00 00 10 90 03 00 00 00 00 00 10 FC 16 A6 16 
10:05:52:063->>>>-发送-68 2C 00 C3 05 00 00 00 00 1B 01 BE BE BE BE BE 05 00 00 00 00 00 F0 80 00 0F 00 68 0F 00 C3 01 00 00 00 00 1A F0 02 01 D1 16 4D 16 
10:05:52:743-<<<<-接收-68 2E 00 83 04 00 00 00 00 1B 05 00 00 00 00 00 01 BE BE BE BE BE F0 80 00 11 00 68 11 00 83 00 20 00 00 00 1A F0 02 01 02 00 B2 16 D2 16 
10:05:52:745->>>>-发送-68 2F 00 C3 05 00 00 00 00 1D 01 BE BE BE BE BE 05 00 00 00 00 00 F0 80 00 12 00 68 12 00 C3 01 00 00 00 00 1C F0 01 01 00 00 02 D4 16 5B 16 
10:05:53:445-<<<<-接收-68 4D 00 83 04 00 00 00 00 1D 05 00 00 00 00 00 01 BE BE BE BE BE F0 80 00 30 00 68 30 00 83 00 20 00 00 00 1C F0 01 01 02 00 00 00 02 90 03 00 00 00 00 02 00 01 00 42 47 00 00 01 BE BE BE BE BE FE 03 00 00 00 00 00 00 8C 16 C6 16 
10:05:53:808->>>>-发送-68 2F 00 C3 05 00 00 00 00 1F 01 BE BE BE BE BE 05 00 00 00 00 00 F0 80 00 12 00 68 12 00 C3 01 00 00 00 00 1E 10 01 00 00 00 02 F5 16 9F 16 
10:05:54:483-<<<<-接收-68 30 00 83 04 00 00 00 00 1F 05 00 00 00 00 00 01 BE BE BE BE BE F0 80 00 13 00 68 13 00 83 00 00 00 00 00 1E 10 01 00 04 00 F8 07 B5 16 E0 16 
10:05:54:485->>>>-发送-68 2F 00 C3 05 00 00 00 00 21 01 BE BE BE BE BE 05 00 00 00 00 00 F0 80 00 12 00 68 12 00 C3 01 00 00 00 00 20 10 02 00 01 00 04 FB 16 AD 16 
10:05:55:172-<<<<-接收-68 4F 00 83 04 00 00 00 00 21 05 00 00 00 00 00 01 BE BE BE BE BE F0 80 00 32 00 68 32 00 83 00 00 00 00 00 20 10 02 00 04 00 04 92 00 00 00 00 00 00 10 47 54 00 00 00 00 00 10 33 00 00 14 00 00 00 10 90 03 00 00 00 00 00 10 04 16 BE 16 
10:06:18:926->>>>-发送-68 2C 00 C3 05 00 00 00 00 23 01 BE BE BE BE BE 05 00 00 00 00 00 F0 80 00 0F 00 68 0F 00 C3 01 00 00 00 00 22 F0 02 01 D9 16 65 16 
10:06:19:636-<<<<-接收-68 2E 00 83 04 00 00 00 00 23 05 00 00 00 00 00 01 BE BE BE BE BE F0 80 00 11 00 68 11 00 83 00 20 00 00 00 22 F0 02 01 02 00 BA 16 EA 16 
10:06:19:638->>>>-发送-68 2F 00 C3 05 00 00 00 00 25 01 BE BE BE BE BE 05 00 00 00 00 00 F0 80 00 12 00 68 12 00 C3 01 00 00 00 00 24 F0 01 01 00 00 02 DC 16 73 16 
10:06:20:370-<<<<-接收-68 4D 00 83 04 00 00 00 00 25 05 00 00 00 00 00 01 BE BE BE BE BE F0 80 00 30 00 68 30 00 83 00 20 00 00 00 24 F0 01 01 02 00 00 00 02 90 03 00 00 00 00 02 00 01 00 42 49 00 00 01 BE BE BE BE BE FE 03 00 00 00 00 00 00 96 16 E2 16 
10:06:21:017->>>>-发送-68 2F 00 C3 05 00 00 00 00 27 01 BE BE BE BE BE 05 00 00 00 00 00 F0 80 00 12 00 68 12 00 C3 01 00 00 00 00 26 10 01 00 00 00 02 FD 16 B7 16 
10:06:21:707-<<<<-接收-68 30 00 83 04 00 00 00 00 27 05 00 00 00 00 00 01 BE BE BE BE BE F0 80 00 13 00 68 13 00 83 00 00 00 00 00 26 10 01 00 04 00 F8 07 BD 16 F8 16 
10:06:21:710->>>>-发送-68 2F 00 C3 05 00 00 00 00 29 01 BE BE BE BE BE 05 00 00 00 00 00 F0 80 00 12 00 68 12 00 C3 01 00 00 00 00 28 10 02 00 01 00 04 03 16 C5 16 
10:06:22:421-<<<<-接收-68 4F 00 83 04 00 00 00 00 29 05 00 00 00 00 00 01 BE BE BE BE BE F0 80 00 32 00 68 32 00 83 00 00 00 00 00 28 10 02 00 04 00 04 92 00 00 00 00 00 00 10 47 54 00 00 00 00 00 10 33 00 00 14 00 00 00 10 90 03 00 00 00 00 00 10 0C 16 D6 16 
10:06:24:917->>>>-发送-68 2C 00 C3 05 00 00 00 00 2B 01 BE BE BE BE BE 05 00 00 00 00 00 F0 80 00 0F 00 68 0F 00 C3 01 00 00 00 00 2A F0 02 01 E1 16 7D 16 
10:06:25:670-<<<<-接收-68 2E 00 83 04 00 00 00 00 2B 05 00 00 00 00 00 01 BE BE BE BE BE F0 80 00 11 00 68 11 00 83 00 20 00 00 00 2A F0 02 01 02 00 C2 16 02 16 
10:06:25:672->>>>-发送-68 2F 00 C3 05 00 00 00 00 2D 01 BE BE BE BE BE 05 00 00 00 00 00 F0 80 00 12 00 68 12 00 C3 01 00 00 00 00 2C F0 01 01 00 00 02 E4 16 8B 16 
10:06:26:403-<<<<-接收-68 4D 00 83 04 00 00 00 00 2D 05 00 00 00 00 00 01 BE BE BE BE BE F0 80 00 30 00 68 30 00 83 00 20 00 00 00 2C F0 01 01 02 00 00 00 02 90 03 00 00 00 00 02 00 01 00 42 49 00 00 01 BE BE BE BE BE FE 03 00 00 00 00 00 00 9E 16 FA 16 
10:06:27:041->>>>-发送-68 2F 00 C3 05 00 00 00 00 2F 01 BE BE BE BE BE 05 00 00 00 00 00 F0 80 00 12 00 68 12 00 C3 01 00 00 00 00 2E 10 01 00 00 00 02 05 16 CF 16 
10:06:27:735-<<<<-接收-68 30 00 83 04 00 00 00 00 2F 05 00 00 00 00 00 01 BE BE BE BE BE F0 80 00 13 00 68 13 00 83 00 00 00 00 00 2E 10 01 00 04 00 F8 07 C5 16 10 16 
10:06:27:737->>>>-发送-68 2F 00 C3 05 00 00 00 00 31 01 BE BE BE BE BE 05 00 00 00 00 00 F0 80 00 12 00 68 12 00 C3 01 00 00 00 00 30 10 02 00 01 00 04 0B 16 DD 16 
10:06:28:470-<<<<-接收-68 4F 00 83 04 00 00 00 00 31 05 00 00 00 00 00 01 BE BE BE BE BE F0 80 00 32 00 68 32 00 83 00 00 00 00 00 30 10 02 00 04 00 04 92 00 00 00 00 00 00 10 47 54 00 00 00 00 00 10 33 00 00 14 00 00 00 10 90 03 00 00 00 00 00 10 14 16 EE 16 
10:11:55:154->>>>-发送-68 0F 00 C3 01 00 00 00 00 00 F0 20 03 D7 16 
10:11:57:252-<<<<-接收-68 17 00 C3 00 00 00 00 00 03 F0 04 03 01 05 00 00 00 00 00 01 C4 16 
10:11:58:568->>>>-发送-68 10 00 C3 01 00 00 00 00 01 F0 80 03 01 39 16 
10:11:58:672-<<<<-接收-68 15 00 83 00 00 00 00 06 01 00 01 00 00 00 00 00 00 00 8B 16 
10:15:31:186->>>>-发送-68 2C 00 C3 05 00 00 00 00 02 01 BE BE BE BE BE 05 00 00 00 00 00 F0 80 00 0F 00 68 0F 00 43 01 00 00 00 00 00 F0 10 03 47 16 20 16 
10:15:31:850-<<<<-接收-68 2D 00 83 04 00 00 00 00 02 05 00 00 00 00 00 01 BE BE BE BE BE F0 80 00 10 00 68 10 00 83 F8 F0 00 00 00 00 00 02 00 13 80 16 53 16 
10:17:00:889->>>>-发送-68 2C 00 C3 05 00 00 00 00 03 01 BE BE BE BE BE 05 00 00 00 00 00 F0 80 00 0F 00 68 0F 00 43 01 00 00 00 00 00 F0 10 03 47 16 21 16 
10:17:01:570-<<<<-接收-68 2D 00 83 04 00 00 00 00 03 05 00 00 00 00 00 01 BE BE BE BE BE F0 80 00 10 00 68 10 00 83 F8 F0 00 00 00 00 00 02 00 13 80 16 54 16 
10:19:18:486->>>>-发送-68 2C 00 C3 05 00 00 00 00 05 01 BE BE BE BE BE 05 00 00 00 00 00 F0 80 00 0F 00 68 0F 00 C3 01 00 00 00 00 04 F0 02 01 BB 16 0B 16 
10:19:19:179-<<<<-接收-68 2E 00 83 04 00 00 00 00 05 05 00 00 00 00 00 01 BE BE BE BE BE F0 80 00 11 00 68 11 00 83 00 20 00 00 00 04 F0 02 01 02 00 9C 16 90 16 
10:19:19:186->>>>-发送-68 2F 00 C3 05 00 00 00 00 07 01 BE BE BE BE BE 05 00 00 00 00 00 F0 80 00 12 00 68 12 00 C3 01 00 00 00 00 06 F0 01 01 00 00 02 BE 16 19 16 
10:19:19:917-<<<<-接收-68 4D 00 83 04 00 00 00 00 07 05 00 00 00 00 00 01 BE BE BE BE BE F0 80 00 30 00 68 30 00 83 00 20 00 00 00 06 F0 01 01 02 00 00 00 02 90 03 00 00 00 00 02 00 01 00 42 5B 00 00 01 BE BE BE BE BE FE 03 00 00 00 00 00 00 8A 16 AC 16 
10:19:20:284->>>>-发送-68 2F 00 C3 05 00 00 00 00 09 01 BE BE BE BE BE 05 00 00 00 00 00 F0 80 00 12 00 68 12 00 C3 01 00 00 00 00 08 10 01 00 00 00 02 DF 16 5D 16 
10:19:20:989-<<<<-接收-68 30 00 83 04 00 00 00 00 09 05 00 00 00 00 00 01 BE BE BE BE BE F0 80 00 13 00 68 13 00 83 00 00 00 00 00 08 10 01 00 04 00 F8 07 9F 16 9E 16 
10:19:20:997->>>>-发送-68 2F 00 C3 05 00 00 00 00 0B 01 BE BE BE BE BE 05 00 00 00 00 00 F0 80 00 12 00 68 12 00 C3 01 00 00 00 00 0A 10 02 00 01 00 04 E5 16 6B 16 
10:19:21:718-<<<<-接收-68 4F 00 83 04 00 00 00 00 0B 05 00 00 00 00 00 01 BE BE BE BE BE F0 80 00 32 00 68 32 00 83 00 00 00 00 00 0A 10 02 00 04 00 04 92 00 00 00 00 00 00 10 47 54 00 00 00 00 00 10 33 00 00 14 00 00 00 10 90 03 00 00 00 00 00 10 EE 16 7C 16 
10:20:44:082->>>>-发送-68 2C 00 C3 05 00 00 00 00 0D 01 BE BE BE BE BE 05 00 00 00 00 00 F0 80 00 0F 00 68 0F 00 C3 01 00 00 00 00 0C F0 01 02 C3 16 23 16 
10:20:44:750-<<<<-接收-68 2D 00 83 04 00 00 00 00 0D 05 00 00 00 00 00 01 BE BE BE BE BE F0 80 00 10 00 68 10 00 83 00 00 00 00 00 0C F0 01 02 55 D7 16 0C 16 
10:20:44:772->>>>-发送-68 2C 00 C3 05 00 00 00 00 0F 01 BE BE BE BE BE 05 00 00 00 00 00 F0 80 00 0F 00 68 0F 00 C3 01 00 00 00 00 0E 10 01 00 E3 16 65 16 
10:20:45:440-<<<<-接收-68 30 00 83 04 00 00 00 00 0F 05 00 00 00 00 00 01 BE BE BE BE BE F0 80 00 13 00 68 13 00 83 00 00 00 00 00 0E 10 01 00 04 00 F8 07 A5 16 B0 16 
10:20:45:456->>>>-发送-68 2F 00 C3 05 00 00 00 00 11 01 BE BE BE BE BE 05 00 00 00 00 00 F0 80 00 12 00 68 12 00 C3 01 00 00 00 00 10 10 02 00 01 00 04 EB 16 7D 16 
10:20:46:158-<<<<-接收-68 4F 00 83 04 00 00 00 00 11 05 00 00 00 00 00 01 BE BE BE BE BE F0 80 00 32 00 68 32 00 83 00 00 00 00 00 10 10 02 00 04 00 04 92 00 00 00 00 00 00 10 47 54 00 00 00 00 00 10 33 00 00 14 00 00 00 10 90 03 00 00 00 00 00 10 F4 16 8E 16 
10:20:54:460->>>>-发送-68 2C 00 C3 05 00 00 00 00 13 01 BE BE BE BE BE 05 00 00 00 00 00 F0 80 00 0F 00 68 0F 00 C3 01 00 00 00 00 12 10 01 00 E7 16 71 16 
10:20:55:159-<<<<-接收-68 30 00 83 04 00 00 00 00 13 05 00 00 00 00 00 01 BE BE BE BE BE F0 80 00 13 00 68 13 00 83 00 00 00 00 00 12 10 01 00 04 00 F8 07 A9 16 BC 16 
10:20:55:174->>>>-发送-68 2F 00 C3 05 00 00 00 00 15 01 BE BE BE BE BE 05 00 00 00 00 00 F0 80 00 12 00 68 12 00 C3 01 00 00 00 00 14 10 02 00 01 00 04 EF 16 89 16 
10:20:55:912-<<<<-接收-68 4F 00 83 04 00 00 00 00 15 05 00 00 00 00 00 01 BE BE BE BE BE F0 80 00 32 00 68 32 00 83 00 00 00 00 00 14 10 02 00 04 00 04 92 00 00 00 00 00 00 10 47 54 00 00 00 00 00 10 33 00 00 14 00 00 00 10 90 03 00 00 00 00 00 10 F8 16 9A 16 
10:24:58:065->>>>-发送-68 2C 00 C3 05 00 00 00 00 16 01 BE BE BE BE BE 05 00 00 00 00 00 F0 80 00 0F 00 68 0F 00 43 01 00 00 00 00 00 F0 10 03 47 16 34 16 
10:24:59:153-<<<<-接收-68 2D 00 83 04 00 00 00 00 16 05 00 00 00 00 00 01 BE BE BE BE BE F0 80 00 10 00 68 10 00 83 F8 F0 00 00 00 00 00 02 00 13 80 16 67 16 
11:32:05:997->>>>-发送-68 0F 00 C3 01 00 00 00 00 00 F0 20 03 D7 16 
11:32:08:120-<<<<-接收-68 17 00 C3 00 00 00 00 00 01 F0 04 03 01 05 00 00 00 00 00 01 C2 16 
11:32:09:371->>>>-发送-68 10 00 C3 01 00 00 00 00 01 F0 80 03 01 39 16 
11:32:09:460-<<<<-接收-68 15 00 83 00 00 00 00 06 01 00 01 00 00 00 00 00 00 00 8B 16 
11:32:21:491->>>>-发送-68 2C 00 C3 05 00 00 00 00 03 01 BE BE BE BE BE 05 00 00 00 00 00 F0 80 00 0F 00 68 0F 00 C3 01 00 00 00 00 02 F0 02 01 B9 16 05 16 
11:32:22:172-<<<<-接收-68 2E 00 83 04 00 00 00 00 03 05 00 00 00 00 00 01 BE BE BE BE BE F0 80 00 11 00 68 11 00 83 00 20 00 00 00 02 F0 02 01 02 00 9A 16 8A 16 
11:32:22:179->>>>-发送-68 2F 00 C3 05 00 00 00 00 05 01 BE BE BE BE BE 05 00 00 00 00 00 F0 80 00 12 00 68 12 00 C3 01 00 00 00 00 04 F0 01 01 00 00 02 BC 16 13 16 
11:32:22:902-<<<<-接收-68 4D 00 83 04 00 00 00 00 05 05 00 00 00 00 00 01 BE BE BE BE BE F0 80 00 30 00 68 30 00 83 00 20 00 00 00 04 F0 01 01 02 00 00 00 02 90 03 00 00 00 00 02 00 01 00 42 5A 00 00 01 BE BE BE BE BE FE 03 00 00 00 00 00 00 87 16 A4 16 
11:32:23:256->>>>-发送-68 2F 00 C3 05 00 00 00 00 07 01 BE BE BE BE BE 05 00 00 00 00 00 F0 80 00 12 00 68 12 00 C3 01 00 00 00 00 06 10 01 00 00 00 02 DD 16 57 16 
11:32:23:929-<<<<-接收-68 30 00 83 04 00 00 00 00 07 05 00 00 00 00 00 01 BE BE BE BE BE F0 80 00 13 00 68 13 00 83 00 00 00 00 00 06 10 01 00 04 00 F8 07 9D 16 98 16 
11:32:23:935->>>>-发送-68 2F 00 C3 05 00 00 00 00 09 01 BE BE BE BE BE 05 00 00 00 00 00 F0 80 00 12 00 68 12 00 C3 01 00 00 00 00 08 10 02 00 01 00 04 E3 16 65 16 
11:32:24:629-<<<<-接收-68 4F 00 83 04 00 00 00 00 09 05 00 00 00 00 00 01 BE BE BE BE BE F0 80 00 32 00 68 32 00 83 00 00 00 00 00 08 10 02 00 04 00 04 92 00 00 00 00 00 00 10 47 54 00 00 00 00 00 10 33 00 00 14 00 00 00 10 90 03 00 00 00 00 00 10 EC 16 76 16 
11:32:31:151->>>>-发送-68 2C 00 C3 05 00 00 00 00 0B 01 BE BE BE BE BE 05 00 00 00 00 00 F0 80 00 0F 00 68 0F 00 C3 01 00 00 00 00 0A F0 02 01 C1 16 1D 16 
11:32:31:846-<<<<-接收-68 2E 00 83 04 00 00 00 00 0B 05 00 00 00 00 00 01 BE BE BE BE BE F0 80 00 11 00 68 11 00 83 00 20 00 00 00 0A F0 02 01 02 00 A2 16 A2 16 
11:32:31:852->>>>-发送-68 2F 00 C3 05 00 00 00 00 0D 01 BE BE BE BE BE 05 00 00 00 00 00 F0 80 00 12 00 68 12 00 C3 01 00 00 00 00 0C F0 01 01 00 00 02 C4 16 2B 16 
11:32:32:546-<<<<-接收-68 4D 00 83 04 00 00 00 00 0D 05 00 00 00 00 00 01 BE BE BE BE BE F0 80 00 30 00 68 30 00 83 00 20 00 00 00 0C F0 01 01 02 00 00 00 02 90 03 00 00 00 00 02 00 01 00 42 5F 00 00 01 BE BE BE BE BE FE 03 00 00 00 00 00 00 94 16 C6 16 
11:32:32:902->>>>-发送-68 2F 00 C3 05 00 00 00 00 0F 01 BE BE BE BE BE 05 00 00 00 00 00 F0 80 00 12 00 68 12 00 C3 01 00 00 00 00 0E 10 01 00 00 00 02 E5 16 6F 16 
11:32:33:577-<<<<-接收-68 30 00 83 04 00 00 00 00 0F 05 00 00 00 00 00 01 BE BE BE BE BE F0 80 00 13 00 68 13 00 83 00 00 00 00 00 0E 10 01 00 04 00 F8 07 A5 16 B0 16 
11:32:33:583->>>>-发送-68 2F 00 C3 05 00 00 00 00 11 01 BE BE BE BE BE 05 00 00 00 00 00 F0 80 00 12 00 68 12 00 C3 01 00 00 00 00 10 10 02 00 01 00 04 EB 16 7D 16 
11:32:34:289-<<<<-接收-68 4F 00 83 04 00 00 00 00 11 05 00 00 00 00 00 01 BE BE BE BE BE F0 80 00 32 00 68 32 00 83 00 00 00 00 00 10 10 02 00 04 00 04 92 00 00 00 00 00 00 10 47 54 00 00 00 00 00 10 33 00 00 14 00 00 00 10 90 03 00 00 00 00 00 10 F4 16 8E 16 
11:32:52:038->>>>-发送-68 2C 00 C3 05 00 00 00 00 13 01 BE BE BE BE BE 05 00 00 00 00 00 F0 80 00 0F 00 68 0F 00 C3 01 00 00 00 00 12 F0 02 01 C9 16 35 16 
11:32:52:712-<<<<-接收-68 2E 00 83 04 00 00 00 00 13 05 00 00 00 00 00 01 BE BE BE BE BE F0 80 00 11 00 68 11 00 83 00 20 00 00 00 12 F0 02 01 02 00 AA 16 BA 16 
11:32:52:720->>>>-发送-68 2F 00 C3 05 00 00 00 00 15 01 BE BE BE BE BE 05 00 00 00 00 00 F0 80 00 12 00 68 12 00 C3 01 00 00 00 00 14 F0 01 01 00 00 02 CC 16 43 16 
11:32:53:415-<<<<-接收-68 4D 00 83 04 00 00 00 00 15 05 00 00 00 00 00 01 BE BE BE BE BE F0 80 00 30 00 68 30 00 83 00 20 00 00 00 14 F0 01 01 02 00 00 00 02 90 03 00 00 00 00 02 00 01 00 42 61 00 00 01 BE BE BE BE BE FE 03 00 00 00 00 00 00 9E 16 E2 16 
11:32:53:775->>>>-发送-68 2F 00 C3 05 00 00 00 00 17 01 BE BE BE BE BE 05 00 00 00 00 00 F0 80 00 12 00 68 12 00 C3 01 00 00 00 00 16 10 01 00 00 00 02 ED 16 87 16 
11:32:54:458-<<<<-接收-68 30 00 83 04 00 00 00 00 17 05 00 00 00 00 00 01 BE BE BE BE BE F0 80 00 13 00 68 13 00 83 00 00 00 00 00 16 10 01 00 04 00 F8 07 AD 16 C8 16 
11:32:54:464->>>>-发送-68 2F 00 C3 05 00 00 00 00 19 01 BE BE BE BE BE 05 00 00 00 00 00 F0 80 00 12 00 68 12 00 C3 01 00 00 00 00 18 10 02 00 01 00 04 F3 16 95 16 
11:32:55:180-<<<<-接收-68 4F 00 83 04 00 00 00 00 19 05 00 00 00 00 00 01 BE BE BE BE BE F0 80 00 32 00 68 32 00 83 00 00 00 00 00 18 10 02 00 04 00 04 92 00 00 00 00 00 00 10 47 54 00 00 00 00 00 10 33 00 00 14 00 00 00 10 90 03 00 00 00 00 00 10 FC 16 A6 16 
11:32:59:889->>>>-发送-68 2C 00 C3 05 00 00 00 00 1B 01 BE BE BE BE BE 05 00 00 00 00 00 F0 80 00 0F 00 68 0F 00 C3 01 00 00 00 00 1A F0 02 01 D1 16 4D 16 
11:33:00:560-<<<<-接收-68 2E 00 83 04 00 00 00 00 1B 05 00 00 00 00 00 01 BE BE BE BE BE F0 80 00 11 00 68 11 00 83 00 20 00 00 00 1A F0 02 01 02 00 B2 16 D2 16 
11:33:00:567->>>>-发送-68 2F 00 C3 05 00 00 00 00 1D 01 BE BE BE BE BE 05 00 00 00 00 00 F0 80 00 12 00 68 12 00 C3 01 00 00 00 00 1C F0 01 01 00 00 02 D4 16 5B 16 
11:33:01:271-<<<<-接收-68 4D 00 83 04 00 00 00 00 1D 05 00 00 00 00 00 01 BE BE BE BE BE F0 80 00 30 00 68 30 00 83 00 20 00 00 00 1C F0 01 01 02 00 00 00 02 90 03 00 00 00 00 02 00 01 00 42 61 00 00 01 BE BE BE BE BE FE 03 00 00 00 00 00 00 A6 16 FA 16 
11:33:01:633->>>>-发送-68 2F 00 C3 05 00 00 00 00 1F 01 BE BE BE BE BE 05 00 00 00 00 00 F0 80 00 12 00 68 12 00 C3 01 00 00 00 00 1E 10 01 00 00 00 02 F5 16 9F 16 
11:33:02:303-<<<<-接收-68 30 00 83 04 00 00 00 00 1F 05 00 00 00 00 00 01 BE BE BE BE BE F0 80 00 13 00 68 13 00 83 00 00 00 00 00 1E 10 01 00 04 00 F8 07 B5 16 E0 16 
11:33:02:309->>>>-发送-68 2F 00 C3 05 00 00 00 00 21 01 BE BE BE BE BE 05 00 00 00 00 00 F0 80 00 12 00 68 12 00 C3 01 00 00 00 00 20 10 02 00 01 00 04 FB 16 AD 16 
11:33:03:011-<<<<-接收-68 4F 00 83 04 00 00 00 00 21 05 00 00 00 00 00 01 BE BE BE BE BE F0 80 00 32 00 68 32 00 83 00 00 00 00 00 20 10 02 00 04 00 04 92 00 00 00 00 00 00 10 47 54 00 00 00 00 00 10 33 00 00 14 00 00 00 10 90 03 00 00 00 00 00 10 04 16 BE 16 
