11:28:03:874->>>>-发送-32 32 
11:28:04:777->>>>-发送-32 32 0D 0A 
11:28:04:963->>>>-发送-32 32 0D 0A 0D 0A 
11:28:48:709->>>>-发送-32 32 33 33 33 33 33 
11:28:49:989->>>>-发送-32 32 33 33 33 33 33 20 
11:28:50:577->>>>-发送-32 32 33 33 33 33 33 20 20 
11:28:50:744->>>>-发送-32 32 33 33 33 33 33 20 20 20 
11:29:47:927->>>>-发送-59 59 59 
11:30:05:365->>>>-发送-59 59 59 32 33 34 34 35 36 35 20 36 37 20 36 37 20 20 36 35 38 
15:20:36:708->>>>-发送-32 32 32 32 
15:20:54:477->>>>-发送-32 32 32 32 
15:21:05:144->>>>-发送-32 32 32 32 
15:21:24:186->>>>-发送-32 32 32 32 
15:30:01:799->>>>-发送-31 32 33 33 33 33 
15:38:37:863->>>>-发送-71 77 65 
15:43:46:602->>>>-发送-31 32 33 34 
16:01:56:568->>>>-发送-68 0F 00 43 01 00 00 00 00 00 01 01 00 46 16 
16:01:59:398-<<<<-接收-68 15 00 83 00 00 00 00 00 00 00 01 00 00 00 00 00 00 00 84 16 
16:14:32:286->>>>-发送-68 20 00 43 01 00 00 00 00 00 02 01 00 02 00 00 0D FE 68 AA AA AA AA AA AA 68 13 00 DF 16 28 16 
16:14:34:983-<<<<-接收-68 15 00 83 00 00 00 00 00 00 00 01 00 00 00 00 00 00 00 84 16 
16:17:48:412->>>>-发送-61 73 64 
16:18:08:113->>>>-发送-61 73 64 
16:18:27:209->>>>-发送-61 73 64 
16:19:26:867->>>>-发送-68 20 00 43 01 00 00 00 00 00 02 01 00 02 00 00 0D FE 68 AA AA AA AA AA AA 68 13 00 DF 16 28 16 
16:20:27:853-<<<<-接收-68 15 00 83 00 00 00 00 00 00 00 01 00 00 00 00 00 00 00 84 16 
16:21:49:925->>>>-发送-31 32 33 33 
16:28:43:907->>>>-发送-31 32 33 
16:29:06:401->>>>-发送-31 32 33 
16:38:16:267->>>>-发送-31 31 32 33 
16:39:48:078->>>>-发送-61 73 64 
16:41:13:179->>>>-发送-68 0F 00 43 01 00 00 00 00 00 01 01 00 46 16 
16:41:56:654-<<<<-接收-68 15 00 83 00 00 00 00 00 00 00 01 00 00 00 00 00 00 00 84 16 
16:42:16:324->>>>-发送-31 32 33 
16:46:30:175->>>>-发送-31 32 33 
16:46:59:004->>>>-发送-31 32 33 
16:52:04:411->>>>-发送-31 32 33 
16:55:45:942->>>>-发送-31 31 32 33 
16:58:32:737->>>>-发送-68 0F 00 43 01 00 00 00 00 00 01 01 00 46 16 
16:58:51:724->>>>-发送-68 0F 00 43 01 00 00 00 00 00 01 01 00 46 16 
16:58:54:913-<<<<-接收-68 15 00 83 00 00 00 00 00 00 00 01 00 00 00 00 00 00 00 84 16 
16:58:54:980->>>>-发送-68 0F 00 43 01 00 00 00 00 00 01 02 00 47 16 
17:22:36:833->>>>-发送-31 32 33 
17:22:58:450->>>>-发送-31 32 33 
17:23:14:169->>>>-发送-31 32 33 
23:43:08:929->>>>-发送-31 31 31 
23:44:09:680->>>>-发送-68 0F 00 43 01 00 00 00 00 00 01 01 00 46 16 
23:44:11:453-<<<<-接收-68 15 00 83 00 00 00 00 00 00 00 01 00 00 00 00 00 00 00 84 16 
23:46:27:505->>>>-发送-31 31 31 31 31 
23:57:51:930->>>>-发送-31 31 31 
