11:08:08:633->>>>-发送-68 17 00 43 01 00 00 00 00 00 11 01 00 01 01 00 00 00 00 00 02 5A 16 
11:08:11:288-<<<<-接收-68 13 00 83 00 00 00 00 00 00 10 01 00 01 00 F8 07 94 16 
11:08:27:921->>>>-发送-68 0F 00 43 01 00 00 00 00 00 10 01 00 55 16 
11:08:29:287-<<<<-接收-68 13 00 83 00 00 00 00 00 00 10 01 00 01 00 F8 07 94 16 
11:10:05:872->>>>-发送-68 0F 00 43 01 00 00 00 00 00 10 01 00 55 16 
11:10:07:833-<<<<-接收-68 13 00 83 00 00 00 00 00 00 10 01 00 01 00 F8 07 94 16 
11:12:54:782->>>>-发送-68 0F 00 43 01 00 00 00 00 00 10 01 00 55 16 
11:12:56:410-<<<<-接收-68 13 00 83 00 00 00 00 00 00 10 01 00 01 00 F8 07 94 16 
15:34:27:010->>>>-发送-68 12 00 C3 01 00 00 00 00 00 F0 04 01 00 00 14 CD 16 
15:35:02:318->>>>-发送-68 12 00 C3 01 00 00 00 00 01 F0 04 01 00 00 14 CE 16 
15:35:02:838->>>>-发送-68 12 00 C3 01 00 00 00 00 02 F0 04 01 00 00 14 CF 16 
15:35:03:026->>>>-发送-68 12 00 C3 01 00 00 00 00 03 F0 04 01 00 00 14 D0 16 
15:35:03:196->>>>-发送-68 12 00 C3 01 00 00 00 00 04 F0 04 01 00 00 14 D1 16 
15:35:03:376->>>>-发送-68 12 00 C3 01 00 00 00 00 05 F0 04 01 00 00 14 D2 16 
15:35:03:556->>>>-发送-68 12 00 C3 01 00 00 00 00 06 F0 04 01 00 00 14 D3 16 
15:35:03:742->>>>-发送-68 12 00 C3 01 00 00 00 00 07 F0 04 01 00 00 14 D4 16 
15:35:03:912->>>>-发送-68 12 00 C3 01 00 00 00 00 08 F0 04 01 00 00 14 D5 16 
