10:47:56:945->>>>-发送-68 0F 00 C3 01 00 00 00 00 00 F0 20 03 D7 16 
10:47:59:062-<<<<-接收-68 17 00 C3 00 00 00 00 00 03 F0 04 03 01 17 00 00 00 00 00 01 D6 16 
10:48:00:375->>>>-发送-68 10 00 C3 01 00 00 00 00 01 F0 80 03 01 39 16 
10:48:00:452-<<<<-接收-68 15 00 83 00 00 00 00 06 01 00 01 00 00 00 00 00 00 00 8B 16 
10:48:20:637->>>>-发送-68 2C 00 C3 05 00 00 00 00 02 01 BE BE BE BE BE 17 00 00 00 00 00 F0 80 00 0F 00 68 0F 00 43 01 00 00 00 00 00 10 01 00 55 16 4E 16 
10:48:20:885-<<<<-接收-68 30 00 83 04 00 00 00 00 02 17 00 00 00 00 00 01 BE BE BE BE BE F0 80 00 13 00 68 13 00 83 00 00 00 00 00 00 10 01 00 1A 00 F8 07 AD 16 C5 16 
10:48:20:929->>>>-发送-68 2F 00 C3 05 00 00 00 00 03 01 BE BE BE BE BE 17 00 00 00 00 00 F0 80 00 12 00 68 12 00 43 01 00 00 00 00 00 F0 80 03 01 00 01 B9 16 1D 16 
10:48:21:248-<<<<-接收-68 2D 00 83 04 00 00 00 00 03 17 00 00 00 00 00 01 BE BE BE BE BE F0 80 00 10 00 68 10 00 83 F8 F0 00 00 00 00 00 02 00 0C 79 16 58 16 
10:48:21:258->>>>-发送-68 2F 00 C3 05 00 00 00 00 04 01 BE BE BE BE BE 17 00 00 00 00 00 F0 80 00 12 00 68 12 00 43 01 00 00 00 00 00 F0 80 03 02 00 01 BA 16 20 16 
10:48:22:431-<<<<-接收-68 7A 00 83 04 00 00 00 00 04 17 00 00 00 00 00 01 BE BE BE BE BE F0 80 00 5D 00 68 5D 00 83 00 00 00 00 00 00 F0 80 03 00 00 00 00 00 00 00 00 00 00 00 00 23 00 00 00 00 00 00 00 13 00 00 00 3F 00 00 00 0E 00 00 00 11 00 33 00 00 00 25 00 00 00 0F 00 00 00 16 00 00 00 33 00 00 00 1A 00 00 00 23 00 00 00 12 00 00 00 0F 00 00 00 0B 00 00 00 0F 00 00 00 B2 16 65 16 
10:48:22:505->>>>-发送-68 2F 00 C3 05 00 00 00 00 05 01 BE BE BE BE BE 17 00 00 00 00 00 F0 80 00 12 00 68 12 00 43 01 00 00 00 00 00 F0 80 03 03 00 01 BB 16 23 16 
10:48:23:907-<<<<-接收-68 7A 00 83 04 00 00 00 00 05 17 00 00 00 00 00 01 BE BE BE BE BE F0 80 00 5D 00 68 5D 00 83 00 00 00 00 00 00 F0 80 03 00 00 00 00 00 00 00 00 00 00 00 00 35 00 00 00 00 00 00 00 1E 00 00 00 65 00 00 00 0E 00 00 00 34 00 35 00 00 00 1D 00 00 00 0F 00 00 00 16 00 00 00 35 00 00 00 3A 00 00 00 0F 00 00 00 12 00 00 00 0E 00 00 00 0E 00 00 00 0D 00 00 00 20 16 42 16 
10:48:23:982->>>>-发送-68 2F 00 C3 05 00 00 00 00 06 01 BE BE BE BE BE 17 00 00 00 00 00 F0 80 00 12 00 68 12 00 43 01 00 00 00 00 00 F0 80 03 04 00 01 BC 16 26 16 
10:48:26:198-<<<<-接收-68 7A 00 83 04 00 00 00 00 06 17 00 00 00 00 00 01 BE BE BE BE BE F0 80 00 5D 00 68 5D 00 83 00 00 00 00 00 00 F0 80 03 00 00 00 00 00 00 00 00 00 00 00 00 2F 00 00 00 00 00 00 00 22 00 00 00 50 00 00 00 0F 00 00 00 0D 00 34 00 00 00 18 00 00 00 0F 00 00 00 30 00 00 00 2F 00 00 00 0C 00 00 00 22 00 00 00 3D 00 00 00 0F 00 00 00 13 00 00 00 10 00 00 00 0A 16 17 16 
10:48:26:368->>>>-发送-68 2F 00 C3 05 00 00 00 00 07 01 BE BE BE BE BE 17 00 00 00 00 00 F0 80 00 12 00 68 12 00 43 01 00 00 00 00 00 F0 80 03 05 00 01 BD 16 29 16 
10:48:27:205-<<<<-接收-68 7A 00 83 04 00 00 00 00 07 17 00 00 00 00 00 01 BE BE BE BE BE F0 80 00 5D 00 68 5D 00 83 00 00 00 00 00 00 F0 80 03 00 00 00 00 00 00 00 00 00 00 00 00 36 00 00 00 00 00 00 00 24 00 00 00 50 00 00 00 0F 00 00 00 0D 00 59 00 00 00 14 00 00 00 0B 00 00 00 0B 00 00 00 59 00 00 00 2F 00 00 00 0B 00 00 00 18 00 00 00 42 00 00 00 0E 00 00 00 15 00 00 00 4F 16 A2 16 
10:48:27:284->>>>-发送-68 2F 00 C3 05 00 00 00 00 08 01 BE BE BE BE BE 17 00 00 00 00 00 F0 80 00 12 00 68 12 00 43 01 00 00 00 00 00 F0 80 03 06 00 01 BE 16 2C 16 
10:48:28:974-<<<<-接收-68 7A 00 83 04 00 00 00 00 08 17 00 00 00 00 00 01 BE BE BE BE BE F0 80 00 5D 00 68 5D 00 83 00 00 00 00 00 00 F0 80 03 00 00 00 00 00 00 00 00 00 00 00 00 27 00 00 00 00 00 00 00 1C 00 00 00 67 00 00 00 0E 00 00 00 0C 00 50 00 00 00 15 00 00 00 0B 00 00 00 50 00 00 00 35 00 00 00 19 00 00 00 30 00 00 00 0D 00 00 00 5A 00 00 00 0C 00 00 00 0C 00 00 00 77 16 F3 16 
10:48:29:058->>>>-发送-68 2F 00 C3 05 00 00 00 00 09 01 BE BE BE BE BE 17 00 00 00 00 00 F0 80 00 12 00 68 12 00 43 01 00 00 00 00 00 F0 80 03 07 00 01 BF 16 2F 16 
10:48:29:826-<<<<-接收-68 7A 00 83 04 00 00 00 00 09 17 00 00 00 00 00 01 BE BE BE BE BE F0 80 00 5D 00 68 5D 00 83 00 00 00 00 00 00 F0 80 03 00 00 00 00 00 00 00 00 00 00 00 00 37 00 00 00 00 00 00 00 29 00 00 00 42 00 00 00 18 00 00 00 03 00 3F 00 00 00 03 00 00 00 0B 00 00 00 0E 00 00 00 0C 00 00 00 19 00 00 00 3F 00 00 00 35 00 00 00 0B 00 00 00 0B 00 00 00 22 00 00 00 DF 16 C4 16 
10:48:29:900->>>>-发送-68 2F 00 C3 05 00 00 00 00 0A 01 BE BE BE BE BE 17 00 00 00 00 00 F0 80 00 12 00 68 12 00 43 01 00 00 00 00 00 F0 80 03 08 00 01 C0 16 32 16 
10:48:30:706-<<<<-接收-68 7A 00 83 04 00 00 00 00 0A 17 00 00 00 00 00 01 BE BE BE BE BE F0 80 00 5D 00 68 5D 00 83 00 00 00 00 00 00 F0 80 03 00 00 00 00 00 00 00 00 00 00 00 00 47 00 00 00 00 00 00 00 2C 00 00 00 52 00 00 00 03 00 00 00 03 00 18 00 00 00 06 00 00 00 0E 00 00 00 0B 00 00 00 16 00 00 00 0B 00 00 00 0B 00 00 00 03 00 00 00 0E 00 00 00 45 00 00 00 0F 00 00 00 89 16 19 16 
10:48:30:779->>>>-发送-68 2F 00 C3 05 00 00 00 00 0B 01 BE BE BE BE BE 17 00 00 00 00 00 F0 80 00 12 00 68 12 00 43 01 00 00 00 00 00 F0 80 03 09 00 01 C1 16 35 16 
10:48:31:596-<<<<-接收-68 7A 00 83 04 00 00 00 00 0B 17 00 00 00 00 00 01 BE BE BE BE BE F0 80 00 5D 00 68 5D 00 83 00 00 00 00 00 00 F0 80 03 00 00 00 00 00 00 00 00 00 00 00 00 22 00 00 00 00 00 00 00 23 00 00 00 61 00 00 00 1B 00 00 00 03 00 2E 00 00 00 06 00 00 00 2E 00 00 00 10 00 00 00 24 00 00 00 1F 00 00 00 2A 00 00 00 54 00 00 00 1F 00 00 00 0E 00 00 00 0B 00 00 00 25 16 52 16 
10:48:31:666->>>>-发送-68 2F 00 C3 05 00 00 00 00 0C 01 BE BE BE BE BE 17 00 00 00 00 00 F0 80 00 12 00 68 12 00 43 01 00 00 00 00 00 F0 80 03 0A 00 01 C2 16 38 16 
10:48:32:395-<<<<-接收-68 7A 00 83 04 00 00 00 00 0C 17 00 00 00 00 00 01 BE BE BE BE BE F0 80 00 5D 00 68 5D 00 83 00 00 00 00 00 00 F0 80 03 00 00 00 00 00 00 00 00 00 00 00 00 2D 00 00 00 00 00 00 00 27 00 00 00 51 00 00 00 1D 00 00 00 03 00 37 00 00 00 08 00 00 00 25 00 00 00 13 00 00 00 12 00 00 00 32 00 00 00 1F 00 00 00 1F 00 00 00 11 00 00 00 1E 00 00 00 1C 00 00 00 FF 16 07 16 
10:48:32:468->>>>-发送-68 2F 00 C3 05 00 00 00 00 0D 01 BE BE BE BE BE 17 00 00 00 00 00 F0 80 00 12 00 68 12 00 43 01 00 00 00 00 00 F0 80 03 0B 00 01 C3 16 3B 16 
10:48:43:213->>>>-发送-68 2F 00 C3 05 00 00 00 00 0E 01 BE BE BE BE BE 17 00 00 00 00 00 F0 80 00 12 00 68 12 00 43 01 00 00 00 00 00 F0 80 03 0C 00 01 C4 16 3E 16 
10:48:44:098-<<<<-接收-68 7A 00 83 04 00 00 00 00 0E 17 00 00 00 00 00 01 BE BE BE BE BE F0 80 00 5D 00 68 5D 00 83 00 00 00 00 00 00 F0 80 03 00 00 00 00 00 00 00 00 00 00 00 00 1A 00 00 00 00 00 00 00 14 00 00 00 40 00 00 00 0C 00 00 00 17 00 4B 00 00 00 10 00 00 00 0B 00 00 00 25 00 00 00 4B 00 00 00 34 00 00 00 1F 00 00 00 20 00 00 00 2C 00 00 00 32 00 00 00 31 00 00 00 5F 16 C9 16 
10:48:44:172->>>>-发送-68 2F 00 C3 05 00 00 00 00 0F 01 BE BE BE BE BE 17 00 00 00 00 00 F0 80 00 12 00 68 12 00 43 01 00 00 00 00 00 F0 80 03 0D 00 01 C5 16 41 16 
10:48:45:186-<<<<-接收-68 7A 00 83 04 00 00 00 00 0F 17 00 00 00 00 00 01 BE BE BE BE BE F0 80 00 5D 00 68 5D 00 83 00 00 00 00 00 00 F0 80 03 00 00 00 00 00 00 00 00 00 00 00 00 29 00 00 00 00 00 00 00 2F 00 00 00 64 00 00 00 0E 00 00 00 12 00 50 00 00 00 15 00 00 00 0B 00 00 00 50 00 00 00 3B 00 00 00 2F 00 00 00 46 00 00 00 3A 00 00 00 0F 00 00 00 57 00 00 00 15 00 00 00 F7 16 FA 16 
10:48:45:260->>>>-发送-68 2F 00 C3 05 00 00 00 00 10 01 BE BE BE BE BE 17 00 00 00 00 00 F0 80 00 12 00 68 12 00 43 01 00 00 00 00 00 F0 80 03 0E 00 01 C6 16 44 16 
10:48:45:731-<<<<-接收-68 1D 00 83 04 00 00 00 00 0D 17 00 00 00 00 00 01 BE BE BE BE BE F0 80 00 00 00 D2 16 
10:48:45:762->>>>-发送-68 2F 00 C3 05 00 00 00 00 11 01 BE BE BE BE BE 17 00 00 00 00 00 F0 80 00 12 00 68 12 00 43 01 00 00 00 00 00 F0 80 03 0F 00 01 C7 16 47 16 
10:48:45:837-<<<<-接收-68 2D 00 83 04 00 00 00 00 10 17 00 00 00 00 00 01 BE BE BE BE BE F0 80 00 10 00 68 10 00 83 00 00 00 00 00 00 00 02 00 01 86 16 7F 16 
10:48:45:846->>>>-发送-68 2F 00 C3 05 00 00 00 00 12 01 BE BE BE BE BE 17 00 00 00 00 00 F0 80 00 12 00 68 12 00 43 01 00 00 00 00 00 F0 80 03 10 00 01 C8 16 4A 16 
10:48:46:643-<<<<-接收-68 7A 00 83 04 00 00 00 00 12 17 00 00 00 00 00 01 BE BE BE BE BE F0 80 00 5D 00 68 5D 00 83 00 00 00 00 00 00 F0 80 03 00 00 00 00 00 00 00 00 00 00 00 00 11 00 00 00 00 00 00 00 0E 00 00 00 39 00 00 00 22 00 00 00 30 00 5A 00 00 00 02 00 00 00 03 00 00 00 21 00 00 00 5A 00 00 00 29 00 00 00 0C 00 00 00 09 00 00 00 03 00 00 00 00 00 00 00 00 00 00 00 BB 16 85 16 
10:48:46:719->>>>-发送-68 2F 00 C3 05 00 00 00 00 13 01 BE BE BE BE BE 17 00 00 00 00 00 F0 80 00 12 00 68 12 00 43 01 00 00 00 00 00 F0 80 03 11 00 01 C9 16 4D 16 
10:48:47:699-<<<<-接收-68 7A 00 83 04 00 00 00 00 13 17 00 00 00 00 00 01 BE BE BE BE BE F0 80 00 5D 00 68 5D 00 83 00 00 00 00 00 00 F0 80 03 00 00 00 00 00 00 00 00 00 00 00 00 36 00 00 00 00 00 00 00 30 00 00 00 3F 00 00 00 0A 00 00 00 1D 00 21 00 00 00 02 00 00 00 03 00 00 00 21 00 00 00 13 00 00 00 03 00 00 00 18 00 00 00 36 00 00 00 0C 00 00 00 11 00 00 00 0E 00 00 00 98 16 40 16 
10:48:47:775->>>>-发送-68 2F 00 C3 05 00 00 00 00 14 01 BE BE BE BE BE 17 00 00 00 00 00 F0 80 00 12 00 68 12 00 43 01 00 00 00 00 00 F0 80 03 12 00 01 CA 16 50 16 
10:48:48:805-<<<<-接收-68 7A 00 83 04 00 00 00 00 14 17 00 00 00 00 00 01 BE BE BE BE BE F0 80 00 5D 00 68 5D 00 83 00 00 00 00 00 00 F0 80 03 00 00 00 00 00 00 00 00 00 00 00 00 29 00 00 00 00 00 00 00 24 00 00 00 53 00 00 00 08 00 00 00 1D 00 22 00 00 00 04 00 00 00 22 00 00 00 0C 00 00 00 12 00 00 00 03 00 00 00 49 00 00 00 20 00 00 00 21 00 00 00 13 00 00 00 1A 00 00 00 DB 16 C7 16 
10:48:48:880->>>>-发送-68 2F 00 C3 05 00 00 00 00 15 01 BE BE BE BE BE 17 00 00 00 00 00 F0 80 00 12 00 68 12 00 43 01 00 00 00 00 00 F0 80 03 13 00 01 CB 16 53 16 
10:48:49:697-<<<<-接收-68 7A 00 83 04 00 00 00 00 15 17 00 00 00 00 00 01 BE BE BE BE BE F0 80 00 5D 00 68 5D 00 83 00 00 00 00 00 00 F0 80 03 00 00 00 00 00 00 00 00 00 00 00 00 08 00 00 00 00 00 00 00 03 00 00 00 08 00 00 00 00 00 00 00 00 00 2A 00 00 00 03 00 00 00 0A 00 00 00 1F 00 00 00 2A 00 00 00 0C 00 00 00 16 00 00 00 00 00 00 00 00 00 00 00 00 00 00 00 00 00 00 00 AB 16 68 16 
10:48:49:770->>>>-发送-68 2F 00 C3 05 00 00 00 00 16 01 BE BE BE BE BE 17 00 00 00 00 00 F0 80 00 12 00 68 12 00 43 01 00 00 00 00 00 F0 80 03 14 00 01 CC 16 56 16 
10:48:50:713-<<<<-接收-68 7A 00 83 04 00 00 00 00 16 17 00 00 00 00 00 01 BE BE BE BE BE F0 80 00 5D 00 68 5D 00 83 00 00 00 00 00 00 F0 80 03 00 00 00 00 00 00 00 00 00 00 00 00 1E 00 00 00 00 00 00 00 14 00 00 00 21 00 00 00 0F 00 00 00 13 00 3F 00 00 00 03 00 00 00 0C 00 00 00 0E 00 00 00 17 00 00 00 3F 00 00 00 09 00 00 00 06 00 00 00 0F 00 00 00 0B 00 00 00 0E 00 00 00 54 16 BB 16 
10:48:50:790->>>>-发送-68 2F 00 C3 05 00 00 00 00 17 01 BE BE BE BE BE 17 00 00 00 00 00 F0 80 00 12 00 68 12 00 43 01 00 00 00 00 00 F0 80 03 15 00 01 CD 16 59 16 
10:48:51:627-<<<<-接收-68 7A 00 83 04 00 00 00 00 17 17 00 00 00 00 00 01 BE BE BE BE BE F0 80 00 5D 00 68 5D 00 83 00 00 00 00 00 00 F0 80 03 00 00 00 00 00 00 00 00 00 00 00 00 09 00 00 00 00 00 00 00 02 00 00 00 23 00 00 00 02 00 00 00 03 00 04 00 00 00 03 00 00 00 03 00 00 00 03 00 00 00 03 00 00 00 02 00 00 00 05 00 00 00 02 00 00 00 03 00 00 00 03 00 00 00 1C 00 00 00 64 16 DC 16 
10:48:51:704->>>>-发送-68 2F 00 C3 05 00 00 00 00 18 01 BE BE BE BE BE 17 00 00 00 00 00 F0 80 00 12 00 68 12 00 43 01 00 00 00 00 00 F0 80 03 16 00 01 CE 16 5C 16 
10:48:52:610-<<<<-接收-68 7A 00 83 04 00 00 00 00 18 17 00 00 00 00 00 01 BE BE BE BE BE F0 80 00 5D 00 68 5D 00 83 00 00 00 00 00 00 F0 80 03 00 00 00 00 00 00 00 00 00 00 00 00 09 00 00 00 00 00 00 00 02 00 00 00 22 00 00 00 04 00 00 00 03 00 04 00 00 00 03 00 00 00 03 00 00 00 03 00 00 00 03 00 00 00 03 00 00 00 03 00 00 00 03 00 00 00 04 00 00 00 02 00 00 00 02 00 00 00 4B 16 AB 16 
10:48:52:688->>>>-发送-68 2F 00 C3 05 00 00 00 00 19 01 BE BE BE BE BE 17 00 00 00 00 00 F0 80 00 12 00 68 12 00 43 01 00 00 00 00 00 F0 80 03 17 00 01 CF 16 5F 16 
10:48:53:976-<<<<-接收-68 7A 00 83 04 00 00 00 00 19 17 00 00 00 00 00 01 BE BE BE BE BE F0 80 00 5D 00 68 5D 00 83 00 00 00 00 00 00 F0 80 03 00 00 00 00 00 00 00 00 00 00 00 00 11 00 00 00 00 00 00 00 08 00 00 00 55 00 00 00 0B 00 00 00 02 00 08 00 00 00 03 00 00 00 03 00 00 00 08 00 00 00 02 00 00 00 04 00 00 00 0B 00 00 00 04 00 00 00 06 00 00 00 02 00 00 00 05 00 00 00 A9 16 68 16 
10:48:54:051->>>>-发送-68 2F 00 C3 05 00 00 00 00 1A 01 BE BE BE BE BE 17 00 00 00 00 00 F0 80 00 12 00 68 12 00 43 01 00 00 00 00 00 F0 80 03 18 00 01 D0 16 62 16 
10:48:54:944-<<<<-接收-68 7A 00 83 04 00 00 00 00 1A 17 00 00 00 00 00 01 BE BE BE BE BE F0 80 00 5D 00 68 5D 00 83 00 00 00 00 00 00 F0 80 03 00 00 00 00 00 00 00 00 00 00 00 00 14 00 00 00 00 00 00 00 0B 00 00 00 3F 00 00 00 10 00 00 00 02 00 08 00 00 00 03 00 00 00 03 00 00 00 08 00 00 00 03 00 00 00 06 00 00 00 0F 00 00 00 04 00 00 00 06 00 00 00 0B 00 00 00 05 00 00 00 AE 16 73 16 
10:48:55:047->>>>-发送-68 2F 00 C3 05 00 00 00 00 1B 01 BE BE BE BE BE 17 00 00 00 00 00 F0 80 00 12 00 68 12 00 43 01 00 00 00 00 00 F0 80 03 19 00 01 D1 16 65 16 
10:48:55:735-<<<<-接收-68 7A 00 83 04 00 00 00 00 1B 17 00 00 00 00 00 01 BE BE BE BE BE F0 80 00 5D 00 68 5D 00 83 00 00 00 00 00 00 F0 80 03 00 00 00 00 00 00 00 00 00 00 00 00 28 00 00 00 00 00 00 00 23 00 00 00 48 00 00 00 09 00 00 00 05 00 10 00 00 00 04 00 00 00 03 00 00 00 10 00 00 00 0D 00 00 00 03 00 00 00 05 00 00 00 3E 00 00 00 20 00 00 00 21 00 00 00 15 00 00 00 67 16 E6 16 
10:48:55:859->>>>-发送-68 2F 00 C3 05 00 00 00 00 1C 01 BE BE BE BE BE 17 00 00 00 00 00 F0 80 00 12 00 68 12 00 43 01 00 00 00 00 00 F0 80 03 1A 00 01 D2 16 68 16 
10:48:56:910-<<<<-接收-68 2D 00 83 04 00 00 00 00 1C 17 00 00 00 00 00 01 BE BE BE BE BE F0 80 00 10 00 68 10 00 83 00 00 00 00 58 00 00 02 00 0C E9 16 51 16 
10:49:01:187->>>>-发送-68 2C 00 C3 05 00 00 00 00 1D 01 BE BE BE BE BE 17 00 00 00 00 00 F0 80 00 0F 00 68 0F 00 43 01 00 00 00 00 00 10 01 00 55 16 69 16 
10:49:01:521-<<<<-接收-68 30 00 83 04 00 00 00 00 1D 17 00 00 00 00 00 01 BE BE BE BE BE F0 80 00 13 00 68 13 00 83 00 00 00 00 00 00 10 01 00 1A 00 F8 07 AD 16 E0 16 
10:49:01:545->>>>-发送-68 2F 00 C3 05 00 00 00 00 1E 01 BE BE BE BE BE 17 00 00 00 00 00 F0 80 00 12 00 68 12 00 43 01 00 00 00 00 00 F0 80 03 01 00 01 B9 16 38 16 
10:49:01:847-<<<<-接收-68 2D 00 83 04 00 00 00 00 1E 17 00 00 00 00 00 01 BE BE BE BE BE F0 80 00 10 00 68 10 00 83 00 20 00 00 06 00 00 02 00 0C B7 16 EF 16 
10:49:01:865->>>>-发送-68 2F 00 C3 05 00 00 00 00 1F 01 BE BE BE BE BE 17 00 00 00 00 00 F0 80 00 12 00 68 12 00 43 01 00 00 00 00 00 F0 80 03 02 00 01 BA 16 3B 16 
10:49:02:891-<<<<-接收-68 7A 00 83 04 00 00 00 00 1F 17 00 00 00 00 00 01 BE BE BE BE BE F0 80 00 5D 00 68 5D 00 83 00 00 00 00 00 00 F0 80 03 00 00 00 00 00 00 00 00 00 00 00 00 23 00 00 00 00 00 00 00 13 00 00 00 3F 00 00 00 0E 00 00 00 11 00 33 00 00 00 25 00 00 00 0F 00 00 00 16 00 00 00 33 00 00 00 1A 00 00 00 23 00 00 00 12 00 00 00 0F 00 00 00 0B 00 00 00 0F 00 00 00 B2 16 80 16 
10:49:02:991->>>>-发送-68 2F 00 C3 05 00 00 00 00 20 01 BE BE BE BE BE 17 00 00 00 00 00 F0 80 00 12 00 68 12 00 43 01 00 00 00 00 00 F0 80 03 03 00 01 BB 16 3E 16 
10:49:04:771-<<<<-接收-68 7A 00 83 04 00 00 00 00 20 17 00 00 00 00 00 01 BE BE BE BE BE F0 80 00 5D 00 68 5D 00 83 00 00 00 00 00 00 F0 80 03 00 00 00 00 00 00 00 00 00 00 00 00 35 00 00 00 00 00 00 00 1E 00 00 00 65 00 00 00 0E 00 00 00 34 00 35 00 00 00 1D 00 00 00 0F 00 00 00 16 00 00 00 35 00 00 00 3A 00 00 00 0F 00 00 00 12 00 00 00 0E 00 00 00 0E 00 00 00 0D 00 00 00 20 16 5D 16 
10:49:04:952->>>>-发送-68 2F 00 C3 05 00 00 00 00 21 01 BE BE BE BE BE 17 00 00 00 00 00 F0 80 00 12 00 68 12 00 43 01 00 00 00 00 00 F0 80 03 04 00 01 BC 16 41 16 
10:49:05:884-<<<<-接收-68 7A 00 83 04 00 00 00 00 21 17 00 00 00 00 00 01 BE BE BE BE BE F0 80 00 5D 00 68 5D 00 83 00 00 00 00 00 00 F0 80 03 00 00 00 00 00 00 00 00 00 00 00 00 2F 00 00 00 00 00 00 00 22 00 00 00 50 00 00 00 0F 00 00 00 0D 00 34 00 00 00 18 00 00 00 0F 00 00 00 30 00 00 00 2F 00 00 00 0C 00 00 00 22 00 00 00 3D 00 00 00 0F 00 00 00 13 00 00 00 10 00 00 00 0A 16 32 16 
10:49:05:973->>>>-发送-68 2F 00 C3 05 00 00 00 00 22 01 BE BE BE BE BE 17 00 00 00 00 00 F0 80 00 12 00 68 12 00 43 01 00 00 00 00 00 F0 80 03 05 00 01 BD 16 44 16 
10:49:08:032-<<<<-接收-68 7A 00 83 04 00 00 00 00 22 17 00 00 00 00 00 01 BE BE BE BE BE F0 80 00 5D 00 68 5D 00 83 00 00 00 00 00 00 F0 80 03 00 00 00 00 00 00 00 00 00 00 00 00 36 00 00 00 00 00 00 00 24 00 00 00 50 00 00 00 0F 00 00 00 0D 00 59 00 00 00 14 00 00 00 0B 00 00 00 0B 00 00 00 59 00 00 00 2F 00 00 00 0B 00 00 00 18 00 00 00 42 00 00 00 0E 00 00 00 15 00 00 00 4F 16 BD 16 
10:49:08:113->>>>-发送-68 2F 00 C3 05 00 00 00 00 23 01 BE BE BE BE BE 17 00 00 00 00 00 F0 80 00 12 00 68 12 00 43 01 00 00 00 00 00 F0 80 03 06 00 01 BE 16 47 16 
10:49:09:095-<<<<-接收-68 7A 00 83 04 00 00 00 00 23 17 00 00 00 00 00 01 BE BE BE BE BE F0 80 00 5D 00 68 5D 00 83 00 00 00 00 00 00 F0 80 03 00 00 00 00 00 00 00 00 00 00 00 00 27 00 00 00 00 00 00 00 1C 00 00 00 67 00 00 00 0E 00 00 00 0C 00 50 00 00 00 15 00 00 00 0B 00 00 00 50 00 00 00 35 00 00 00 19 00 00 00 30 00 00 00 0D 00 00 00 5A 00 00 00 0C 00 00 00 0C 00 00 00 77 16 0E 16 
10:49:09:176->>>>-发送-68 2F 00 C3 05 00 00 00 00 24 01 BE BE BE BE BE 17 00 00 00 00 00 F0 80 00 12 00 68 12 00 43 01 00 00 00 00 00 F0 80 03 07 00 01 BF 16 4A 16 
10:49:10:122-<<<<-接收-68 7A 00 83 04 00 00 00 00 24 17 00 00 00 00 00 01 BE BE BE BE BE F0 80 00 5D 00 68 5D 00 83 00 00 00 00 00 00 F0 80 03 00 00 00 00 00 00 00 00 00 00 00 00 37 00 00 00 00 00 00 00 29 00 00 00 42 00 00 00 18 00 00 00 03 00 3F 00 00 00 03 00 00 00 0B 00 00 00 0E 00 00 00 0C 00 00 00 19 00 00 00 3F 00 00 00 35 00 00 00 0B 00 00 00 0B 00 00 00 22 00 00 00 DF 16 DF 16 
10:49:10:203->>>>-发送-68 2F 00 C3 05 00 00 00 00 25 01 BE BE BE BE BE 17 00 00 00 00 00 F0 80 00 12 00 68 12 00 43 01 00 00 00 00 00 F0 80 03 08 00 01 C0 16 4D 16 
10:49:10:921-<<<<-接收-68 7A 00 83 04 00 00 00 00 25 17 00 00 00 00 00 01 BE BE BE BE BE F0 80 00 5D 00 68 5D 00 83 00 00 00 00 00 00 F0 80 03 00 00 00 00 00 00 00 00 00 00 00 00 47 00 00 00 00 00 00 00 2C 00 00 00 52 00 00 00 03 00 00 00 03 00 18 00 00 00 06 00 00 00 0E 00 00 00 0B 00 00 00 16 00 00 00 0B 00 00 00 0B 00 00 00 03 00 00 00 0E 00 00 00 45 00 00 00 0F 00 00 00 89 16 34 16 
10:49:11:002->>>>-发送-68 2F 00 C3 05 00 00 00 00 26 01 BE BE BE BE BE 17 00 00 00 00 00 F0 80 00 12 00 68 12 00 43 01 00 00 00 00 00 F0 80 03 09 00 01 C1 16 50 16 
10:49:11:881-<<<<-接收-68 7A 00 83 04 00 00 00 00 26 17 00 00 00 00 00 01 BE BE BE BE BE F0 80 00 5D 00 68 5D 00 83 00 00 00 00 00 00 F0 80 03 00 00 00 00 00 00 00 00 00 00 00 00 22 00 00 00 00 00 00 00 23 00 00 00 61 00 00 00 1B 00 00 00 03 00 2E 00 00 00 06 00 00 00 2E 00 00 00 10 00 00 00 24 00 00 00 1F 00 00 00 2A 00 00 00 54 00 00 00 1F 00 00 00 0E 00 00 00 0B 00 00 00 25 16 6D 16 
10:49:11:961->>>>-发送-68 2F 00 C3 05 00 00 00 00 27 01 BE BE BE BE BE 17 00 00 00 00 00 F0 80 00 12 00 68 12 00 43 01 00 00 00 00 00 F0 80 03 0A 00 01 C2 16 53 16 
10:49:13:054-<<<<-接收-68 7A 00 83 04 00 00 00 00 27 17 00 00 00 00 00 01 BE BE BE BE BE F0 80 00 5D 00 68 5D 00 83 00 00 00 00 00 00 F0 80 03 00 00 00 00 00 00 00 00 00 00 00 00 2D 00 00 00 00 00 00 00 27 00 00 00 51 00 00 00 1D 00 00 00 03 00 37 00 00 00 08 00 00 00 25 00 00 00 13 00 00 00 12 00 00 00 32 00 00 00 1F 00 00 00 1F 00 00 00 11 00 00 00 1E 00 00 00 1C 00 00 00 FF 16 22 16 
10:49:13:134->>>>-发送-68 2F 00 C3 05 00 00 00 00 28 01 BE BE BE BE BE 17 00 00 00 00 00 F0 80 00 12 00 68 12 00 43 01 00 00 00 00 00 F0 80 03 0B 00 01 C3 16 56 16 
10:49:23:908->>>>-发送-68 2F 00 C3 05 00 00 00 00 29 01 BE BE BE BE BE 17 00 00 00 00 00 F0 80 00 12 00 68 12 00 43 01 00 00 00 00 00 F0 80 03 0C 00 01 C4 16 59 16 
10:49:26:327-<<<<-接收-68 7A 00 83 04 00 00 00 00 29 17 00 00 00 00 00 01 BE BE BE BE BE F0 80 00 5D 00 68 5D 00 83 00 00 00 00 00 00 F0 80 03 00 00 00 00 00 00 00 00 00 00 00 00 1A 00 00 00 00 00 00 00 14 00 00 00 40 00 00 00 0C 00 00 00 17 00 4B 00 00 00 10 00 00 00 0B 00 00 00 25 00 00 00 4B 00 00 00 34 00 00 00 1F 00 00 00 20 00 00 00 2C 00 00 00 32 00 00 00 31 00 00 00 5F 16 E4 16 
10:49:26:415->>>>-发送-68 2F 00 C3 05 00 00 00 00 2A 01 BE BE BE BE BE 17 00 00 00 00 00 F0 80 00 12 00 68 12 00 43 01 00 00 00 00 00 F0 80 03 0D 00 01 C5 16 5C 16 
10:49:27:263-<<<<-接收-68 7A 00 83 04 00 00 00 00 2A 17 00 00 00 00 00 01 BE BE BE BE BE F0 80 00 5D 00 68 5D 00 83 00 00 00 00 00 00 F0 80 03 00 00 00 00 00 00 00 00 00 00 00 00 29 00 00 00 00 00 00 00 2F 00 00 00 64 00 00 00 0E 00 00 00 12 00 50 00 00 00 15 00 00 00 0B 00 00 00 50 00 00 00 3B 00 00 00 2F 00 00 00 46 00 00 00 3A 00 00 00 0F 00 00 00 57 00 00 00 15 00 00 00 F7 16 15 16 
10:49:27:347->>>>-发送-68 2F 00 C3 05 00 00 00 00 2B 01 BE BE BE BE BE 17 00 00 00 00 00 F0 80 00 12 00 68 12 00 43 01 00 00 00 00 00 F0 80 03 0E 00 01 C6 16 5F 16 
10:49:28:234-<<<<-接收-68 7A 00 83 04 00 00 00 00 2B 17 00 00 00 00 00 01 BE BE BE BE BE F0 80 00 5D 00 68 5D 00 83 00 00 00 00 00 00 F0 80 03 00 00 00 00 00 00 00 00 00 00 00 00 1A 00 00 00 00 00 00 00 16 00 00 00 3C 00 00 00 32 00 00 00 12 00 10 00 00 00 03 00 00 00 03 00 00 00 10 00 00 00 10 00 00 00 07 00 00 00 05 00 00 00 27 00 00 00 09 00 00 00 05 00 00 00 0D 00 00 00 2A 16 7C 16 
10:49:28:389->>>>-发送-68 2F 00 C3 05 00 00 00 00 2C 01 BE BE BE BE BE 17 00 00 00 00 00 F0 80 00 12 00 68 12 00 43 01 00 00 00 00 00 F0 80 03 0F 00 01 C7 16 62 16 
10:49:29:308-<<<<-接收-68 7A 00 83 04 00 00 00 00 2C 17 00 00 00 00 00 01 BE BE BE BE BE F0 80 00 5D 00 68 5D 00 83 00 00 00 00 00 00 F0 80 03 00 00 00 00 00 00 00 00 00 00 00 00 11 00 00 00 00 00 00 00 0E 00 00 00 39 00 00 00 22 00 00 00 30 00 5A 00 00 00 02 00 00 00 03 00 00 00 21 00 00 00 5A 00 00 00 29 00 00 00 0C 00 00 00 09 00 00 00 03 00 00 00 00 00 00 00 00 00 00 00 BB 16 9F 16 
10:49:29:384->>>>-发送-68 2F 00 C3 05 00 00 00 00 2D 01 BE BE BE BE BE 17 00 00 00 00 00 F0 80 00 12 00 68 12 00 43 01 00 00 00 00 00 F0 80 03 10 00 01 C8 16 65 16 
10:49:30:279-<<<<-接收-68 7A 00 83 04 00 00 00 00 2D 17 00 00 00 00 00 01 BE BE BE BE BE F0 80 00 5D 00 68 5D 00 83 00 00 00 00 00 00 F0 80 03 00 00 00 00 00 00 00 00 00 00 00 00 29 00 00 00 00 00 00 00 24 00 00 00 3F 00 00 00 09 00 00 00 09 00 35 00 00 00 03 00 00 00 03 00 00 00 22 00 00 00 0C 00 00 00 21 00 00 00 0D 00 00 00 12 00 00 00 0B 00 00 00 14 00 00 00 0D 00 00 00 69 16 FC 16 
10:49:30:408->>>>-发送-68 2F 00 C3 05 00 00 00 00 2E 01 BE BE BE BE BE 17 00 00 00 00 00 F0 80 00 12 00 68 12 00 43 01 00 00 00 00 00 F0 80 03 11 00 01 C9 16 68 16 
10:49:31:192-<<<<-接收-68 7A 00 83 04 00 00 00 00 2E 17 00 00 00 00 00 01 BE BE BE BE BE F0 80 00 5D 00 68 5D 00 83 00 00 00 00 00 00 F0 80 03 00 00 00 00 00 00 00 00 00 00 00 00 36 00 00 00 00 00 00 00 30 00 00 00 3F 00 00 00 0A 00 00 00 1D 00 21 00 00 00 02 00 00 00 03 00 00 00 21 00 00 00 13 00 00 00 03 00 00 00 18 00 00 00 36 00 00 00 0C 00 00 00 11 00 00 00 0E 00 00 00 98 16 5B 16 
10:49:31:271->>>>-发送-68 2F 00 C3 05 00 00 00 00 2F 01 BE BE BE BE BE 17 00 00 00 00 00 F0 80 00 12 00 68 12 00 43 01 00 00 00 00 00 F0 80 03 12 00 01 CA 16 6B 16 
10:49:32:080-<<<<-接收-68 7A 00 83 04 00 00 00 00 2F 17 00 00 00 00 00 01 BE BE BE BE BE F0 80 00 5D 00 68 5D 00 83 00 00 00 00 00 00 F0 80 03 00 00 00 00 00 00 00 00 00 00 00 00 29 00 00 00 00 00 00 00 24 00 00 00 53 00 00 00 08 00 00 00 1D 00 22 00 00 00 04 00 00 00 22 00 00 00 0C 00 00 00 12 00 00 00 03 00 00 00 49 00 00 00 20 00 00 00 21 00 00 00 13 00 00 00 1A 00 00 00 DB 16 E2 16 
10:49:32:155->>>>-发送-68 2F 00 C3 05 00 00 00 00 30 01 BE BE BE BE BE 17 00 00 00 00 00 F0 80 00 12 00 68 12 00 43 01 00 00 00 00 00 F0 80 03 13 00 01 CB 16 6E 16 
10:49:32:924-<<<<-接收-68 7A 00 83 04 00 00 00 00 30 17 00 00 00 00 00 01 BE BE BE BE BE F0 80 00 5D 00 68 5D 00 83 00 00 00 00 00 00 F0 80 03 00 00 00 00 00 00 00 00 00 00 00 00 08 00 00 00 00 00 00 00 03 00 00 00 08 00 00 00 00 00 00 00 00 00 2A 00 00 00 03 00 00 00 0A 00 00 00 1F 00 00 00 2A 00 00 00 0C 00 00 00 16 00 00 00 00 00 00 00 00 00 00 00 00 00 00 00 00 00 00 00 AB 16 83 16 
10:49:33:008->>>>-发送-68 2F 00 C3 05 00 00 00 00 31 01 BE BE BE BE BE 17 00 00 00 00 00 F0 80 00 12 00 68 12 00 43 01 00 00 00 00 00 F0 80 03 14 00 01 CC 16 71 16 
10:49:34:154-<<<<-接收-68 7A 00 83 04 00 00 00 00 31 17 00 00 00 00 00 01 BE BE BE BE BE F0 80 00 5D 00 68 5D 00 83 00 00 00 00 00 00 F0 80 03 00 00 00 00 00 00 00 00 00 00 00 00 1E 00 00 00 00 00 00 00 14 00 00 00 21 00 00 00 0F 00 00 00 13 00 3F 00 00 00 03 00 00 00 0C 00 00 00 0E 00 00 00 17 00 00 00 3F 00 00 00 09 00 00 00 06 00 00 00 0F 00 00 00 0B 00 00 00 0E 00 00 00 54 16 D6 16 
10:49:34:235->>>>-发送-68 2F 00 C3 05 00 00 00 00 32 01 BE BE BE BE BE 17 00 00 00 00 00 F0 80 00 12 00 68 12 00 43 01 00 00 00 00 00 F0 80 03 15 00 01 CD 16 74 16 
10:49:35:205-<<<<-接收-68 7A 00 83 04 00 00 00 00 32 17 00 00 00 00 00 01 BE BE BE BE BE F0 80 00 5D 00 68 5D 00 83 00 00 00 00 00 00 F0 80 03 00 00 00 00 00 00 00 00 00 00 00 00 09 00 00 00 00 00 00 00 02 00 00 00 23 00 00 00 02 00 00 00 03 00 04 00 00 00 03 00 00 00 03 00 00 00 03 00 00 00 03 00 00 00 02 00 00 00 05 00 00 00 02 00 00 00 03 00 00 00 03 00 00 00 1C 00 00 00 64 16 F7 16 
10:49:35:359->>>>-发送-68 2F 00 C3 05 00 00 00 00 33 01 BE BE BE BE BE 17 00 00 00 00 00 F0 80 00 12 00 68 12 00 43 01 00 00 00 00 00 F0 80 03 16 00 01 CE 16 77 16 
10:49:36:203-<<<<-接收-68 7A 00 83 04 00 00 00 00 33 17 00 00 00 00 00 01 BE BE BE BE BE F0 80 00 5D 00 68 5D 00 83 00 00 00 00 00 00 F0 80 03 00 00 00 00 00 00 00 00 00 00 00 00 09 00 00 00 00 00 00 00 02 00 00 00 22 00 00 00 04 00 00 00 03 00 04 00 00 00 03 00 00 00 03 00 00 00 03 00 00 00 03 00 00 00 03 00 00 00 03 00 00 00 03 00 00 00 04 00 00 00 02 00 00 00 02 00 00 00 4B 16 C6 16 
10:49:36:287->>>>-发送-68 2F 00 C3 05 00 00 00 00 34 01 BE BE BE BE BE 17 00 00 00 00 00 F0 80 00 12 00 68 12 00 43 01 00 00 00 00 00 F0 80 03 17 00 01 CF 16 7A 16 
10:49:37:238-<<<<-接收-68 7A 00 83 04 00 00 00 00 34 17 00 00 00 00 00 01 BE BE BE BE BE F0 80 00 5D 00 68 5D 00 83 00 00 00 00 00 00 F0 80 03 00 00 00 00 00 00 00 00 00 00 00 00 11 00 00 00 00 00 00 00 08 00 00 00 55 00 00 00 0B 00 00 00 02 00 08 00 00 00 03 00 00 00 03 00 00 00 08 00 00 00 02 00 00 00 04 00 00 00 0B 00 00 00 04 00 00 00 06 00 00 00 02 00 00 00 05 00 00 00 A9 16 83 16 
10:49:37:319->>>>-发送-68 2F 00 C3 05 00 00 00 00 35 01 BE BE BE BE BE 17 00 00 00 00 00 F0 80 00 12 00 68 12 00 43 01 00 00 00 00 00 F0 80 03 18 00 01 D0 16 7D 16 
10:49:38:036-<<<<-接收-68 7A 00 83 04 00 00 00 00 35 17 00 00 00 00 00 01 BE BE BE BE BE F0 80 00 5D 00 68 5D 00 83 00 00 00 00 FE 00 F0 80 03 00 00 00 00 00 00 00 00 00 00 00 00 14 00 00 00 00 00 00 00 0B 00 00 00 3F 00 00 00 10 00 00 00 02 00 08 00 00 00 03 00 00 00 03 00 00 00 08 00 00 00 03 00 00 00 06 00 00 00 0F 00 00 00 04 00 00 00 06 00 00 00 0B 00 00 00 05 00 00 00 AC 16 8A 16 
10:49:38:170->>>>-发送-68 2F 00 C3 05 00 00 00 00 36 01 BE BE BE BE BE 17 00 00 00 00 00 F0 80 00 12 00 68 12 00 43 01 00 00 00 00 00 F0 80 03 19 00 01 D1 16 80 16 
10:49:38:868-<<<<-接收-68 7A 00 83 04 00 00 00 00 36 17 00 00 00 00 00 01 BE BE BE BE BE F0 80 00 5D 00 68 5D 00 83 00 00 00 00 00 00 F0 80 03 00 00 00 00 00 00 00 00 00 00 00 00 28 00 00 00 00 00 00 00 23 00 00 00 48 00 00 00 09 00 00 00 05 00 10 00 00 00 04 00 00 00 03 00 00 00 10 00 00 00 0D 00 00 00 03 00 00 00 05 00 00 00 3E 00 00 00 20 00 00 00 21 00 00 00 15 00 00 00 67 16 01 16 
10:49:38:947->>>>-发送-68 2F 00 C3 05 00 00 00 00 37 01 BE BE BE BE BE 17 00 00 00 00 00 F0 80 00 12 00 68 12 00 43 01 00 00 00 00 00 F0 80 03 1A 00 01 D2 16 83 16 
10:49:39:265-<<<<-接收-68 2D 00 83 04 00 00 00 00 37 17 00 00 00 00 00 01 BE BE BE BE BE F0 80 00 10 00 68 10 00 83 00 00 00 00 8A 00 00 02 00 0C 1B 16 D0 16 
10:52:35:557->>>>-发送-68 0F 00 C3 01 00 00 00 00 00 F0 20 03 D7 16 
10:52:37:690-<<<<-接收-68 17 00 C3 00 00 00 00 00 05 F0 04 03 01 17 00 00 00 00 00 01 D8 16 
10:52:38:952->>>>-发送-68 10 00 C3 01 00 00 00 00 01 F0 80 03 01 39 16 
10:52:39:028-<<<<-接收-68 15 00 83 00 00 00 00 06 01 00 01 00 00 00 00 00 00 00 8B 16 
10:52:44:821->>>>-发送-68 2C 00 C3 05 00 00 00 00 02 01 BE BE BE BE BE 17 00 00 00 00 00 F0 80 00 0F 00 68 0F 00 43 01 00 00 00 00 00 10 01 00 55 16 4E 16 
10:52:45:070-<<<<-接收-68 30 00 83 04 00 00 00 00 02 17 00 00 00 00 00 01 BE BE BE BE BE F0 80 00 13 00 68 13 00 83 00 00 00 00 00 00 10 01 00 1A 00 F8 07 AD 16 C5 16 
10:52:45:112->>>>-发送-68 2F 00 C3 05 00 00 00 00 03 01 BE BE BE BE BE 17 00 00 00 00 00 F0 80 00 12 00 68 12 00 43 01 00 00 00 00 00 F0 80 03 01 00 01 B9 16 1D 16 
10:52:45:977-<<<<-接收-68 2D 00 83 04 00 00 00 00 03 17 00 00 00 00 00 01 BE BE BE BE BE F0 80 00 10 00 68 10 00 83 F8 F0 00 00 00 00 00 02 00 0C 79 16 58 16 
10:52:45:983->>>>-发送-68 2F 00 C3 05 00 00 00 00 04 01 BE BE BE BE BE 17 00 00 00 00 00 F0 80 00 12 00 68 12 00 43 01 00 00 00 00 00 F0 80 03 02 00 01 BA 16 20 16 
10:52:46:985-<<<<-接收-68 7A 00 83 04 00 00 00 00 04 17 00 00 00 00 00 01 BE BE BE BE BE F0 80 00 5D 00 68 5D 00 83 00 00 00 00 00 00 F0 80 03 00 00 00 00 00 00 00 00 00 00 00 00 23 00 00 00 00 00 00 00 13 00 00 00 3F 00 00 00 0E 00 00 00 11 00 33 00 00 00 25 00 00 00 0F 00 00 00 16 00 00 00 33 00 00 00 1A 00 00 00 23 00 00 00 12 00 00 00 0F 00 00 00 0B 00 00 00 0F 00 00 00 B2 16 65 16 
10:52:47:062->>>>-发送-68 2F 00 C3 05 00 00 00 00 05 01 BE BE BE BE BE 17 00 00 00 00 00 F0 80 00 12 00 68 12 00 43 01 00 00 00 00 00 F0 80 03 03 00 01 BB 16 23 16 
10:52:47:920-<<<<-接收-68 7A 00 83 04 00 00 00 00 05 17 00 00 00 00 00 01 BE BE BE BE BE F0 80 00 5D 00 68 5D 00 83 00 00 00 00 00 00 F0 80 03 00 00 00 00 00 00 00 00 00 00 00 00 35 00 00 00 00 00 00 00 1E 00 00 00 65 00 00 00 0E 00 00 00 34 00 35 00 00 00 1D 00 00 00 0F 00 00 00 16 00 00 00 35 00 00 00 3A 00 00 00 0F 00 00 00 12 00 00 00 0E 00 00 00 0E 00 00 00 0D 00 00 00 20 16 42 16 
10:52:47:992->>>>-发送-68 2F 00 C3 05 00 00 00 00 06 01 BE BE BE BE BE 17 00 00 00 00 00 F0 80 00 12 00 68 12 00 43 01 00 00 00 00 00 F0 80 03 04 00 01 BC 16 26 16 
10:52:49:500-<<<<-接收-68 7A 00 83 04 00 00 00 00 06 17 00 00 00 00 00 01 BE BE BE BE BE F0 80 00 5D 00 68 5D 00 83 00 00 00 00 00 00 F0 80 03 00 00 00 00 00 00 00 00 00 00 00 00 2F 00 00 00 00 00 00 00 22 00 00 00 50 00 00 00 0F 00 00 00 0D 00 34 00 00 00 18 00 00 00 0F 00 00 00 30 00 00 00 2F 00 00 00 0C 00 00 00 22 00 00 00 3D 00 00 00 0F 00 00 00 13 00 00 00 10 00 00 00 0A 16 17 16 
10:52:49:571->>>>-发送-68 2F 00 C3 05 00 00 00 00 07 01 BE BE BE BE BE 17 00 00 00 00 00 F0 80 00 12 00 68 12 00 43 01 00 00 00 00 00 F0 80 03 05 00 01 BD 16 29 16 
10:52:50:704-<<<<-接收-68 7A 00 83 04 00 00 00 00 07 17 00 00 00 00 00 01 BE BE BE BE BE F0 80 00 5D 00 68 5D 00 83 00 00 00 00 00 00 F0 80 03 00 00 00 00 00 00 00 00 00 00 00 00 36 00 00 00 00 00 00 00 24 00 00 00 50 00 00 00 0F 00 00 00 0D 00 59 00 00 00 14 00 00 00 0B 00 00 00 0B 00 00 00 59 00 00 00 2F 00 00 00 0B 00 00 00 18 00 00 00 42 00 00 00 0E 00 00 00 15 00 00 00 4F 16 A2 16 
10:52:50:856->>>>-发送-68 2F 00 C3 05 00 00 00 00 08 01 BE BE BE BE BE 17 00 00 00 00 00 F0 80 00 12 00 68 12 00 43 01 00 00 00 00 00 F0 80 03 06 00 01 BE 16 2C 16 
10:52:52:084-<<<<-接收-68 7A 00 83 04 00 00 00 00 08 17 00 00 00 00 00 01 BE BE BE BE BE F0 80 00 5D 00 68 5D 00 83 00 00 00 00 00 00 F0 80 03 00 00 00 00 00 00 00 00 00 00 00 00 27 00 00 00 00 00 00 00 1C 00 00 00 67 00 00 00 0E 00 00 00 0C 00 50 00 00 00 15 00 00 00 0B 00 00 00 50 00 00 00 35 00 00 00 19 00 00 00 30 00 00 00 0D 00 00 00 5A 00 00 00 0C 00 00 00 0C 00 00 00 77 16 F3 16 
10:52:52:156->>>>-发送-68 2F 00 C3 05 00 00 00 00 09 01 BE BE BE BE BE 17 00 00 00 00 00 F0 80 00 12 00 68 12 00 43 01 00 00 00 00 00 F0 80 03 07 00 01 BF 16 2F 16 
10:52:52:953-<<<<-接收-68 7A 00 83 04 00 00 00 00 09 17 00 00 00 00 00 01 BE BE BE BE BE F0 80 00 5D 00 68 5D 00 83 00 00 00 00 00 00 F0 80 03 00 00 00 00 00 00 00 00 00 00 00 00 37 00 00 00 00 00 00 00 29 00 00 00 42 00 00 00 18 00 00 00 03 00 3F 00 00 00 03 00 00 00 0B 00 00 00 0E 00 00 00 0C 00 00 00 19 00 00 00 3F 00 00 00 35 00 00 00 0B 00 00 00 0B 00 00 00 22 00 00 00 DF 16 C4 16 
10:52:53:096->>>>-发送-68 2F 00 C3 05 00 00 00 00 0A 01 BE BE BE BE BE 17 00 00 00 00 00 F0 80 00 12 00 68 12 00 43 01 00 00 00 00 00 F0 80 03 08 00 01 C0 16 32 16 
10:52:53:847-<<<<-接收-68 7A 00 83 04 00 00 00 00 0A 17 00 00 00 00 00 01 BE BE BE BE BE F0 80 00 5D 00 68 5D 00 83 00 00 00 00 00 00 F0 80 03 00 00 00 00 00 00 00 00 00 00 00 00 47 00 00 00 00 00 00 00 2C 00 00 00 52 00 00 00 03 00 00 00 03 00 18 00 00 00 06 00 00 00 0E 00 00 00 0B 00 00 00 16 00 00 00 0B 00 00 00 0B 00 00 00 03 00 00 00 0E 00 00 00 45 00 00 00 0F 00 00 00 89 16 19 16 
10:52:53:926->>>>-发送-68 2F 00 C3 05 00 00 00 00 0B 01 BE BE BE BE BE 17 00 00 00 00 00 F0 80 00 12 00 68 12 00 43 01 00 00 00 00 00 F0 80 03 09 00 01 C1 16 35 16 
10:52:54:697-<<<<-接收-68 7A 00 83 04 00 00 00 00 0B 17 00 00 00 00 00 01 BE BE BE BE BE F0 80 00 5D 00 68 5D 00 83 00 00 00 00 00 00 F0 80 03 00 00 00 00 00 00 00 00 00 00 00 00 22 00 00 00 00 00 00 00 23 00 00 00 61 00 00 00 1B 00 00 00 03 00 2E 00 00 00 06 00 00 00 2E 00 00 00 10 00 00 00 24 00 00 00 1F 00 00 00 2A 00 00 00 54 00 00 00 1F 00 00 00 0E 00 00 00 0B 00 00 00 25 16 52 16 
10:52:54:832->>>>-发送-68 2F 00 C3 05 00 00 00 00 0C 01 BE BE BE BE BE 17 00 00 00 00 00 F0 80 00 12 00 68 12 00 43 01 00 00 00 00 00 F0 80 03 0A 00 01 C2 16 38 16 
10:52:55:707-<<<<-接收-68 7A 00 83 04 00 00 00 00 0C 17 00 00 00 00 00 01 BE BE BE BE BE F0 80 00 5D 00 68 5D 00 83 00 00 00 00 00 00 F0 80 03 00 00 00 00 00 00 00 00 00 00 00 00 2D 00 00 00 00 00 00 00 27 00 00 00 51 00 00 00 1D 00 00 00 03 00 37 00 00 00 08 00 00 00 25 00 00 00 13 00 00 00 12 00 00 00 32 00 00 00 1F 00 00 00 1F 00 00 00 11 00 00 00 1E 00 00 00 1C 00 00 00 FF 16 07 16 
10:52:55:784->>>>-发送-68 2F 00 C3 05 00 00 00 00 0D 01 BE BE BE BE BE 17 00 00 00 00 00 F0 80 00 12 00 68 12 00 43 01 00 00 00 00 00 F0 80 03 0B 00 01 C3 16 3B 16 
10:53:06:616->>>>-发送-68 2F 00 C3 05 00 00 00 00 0E 01 BE BE BE BE BE 17 00 00 00 00 00 F0 80 00 12 00 68 12 00 43 01 00 00 00 00 00 F0 80 03 0C 00 01 C4 16 3E 16 
10:53:07:855-<<<<-接收-68 7A 00 83 04 00 00 00 00 0E 17 00 00 00 00 00 01 BE BE BE BE BE F0 80 00 5D 00 68 5D 00 83 00 00 00 00 00 00 F0 80 03 00 00 00 00 00 00 00 00 00 00 00 00 1A 00 00 00 00 00 00 00 14 00 00 00 40 00 00 00 0C 00 00 00 17 00 4B 00 00 00 10 00 00 00 0B 00 00 00 25 00 00 00 4B 00 00 00 34 00 00 00 1F 00 00 00 20 00 00 00 2C 00 00 00 32 00 00 00 31 00 00 00 5F 16 C9 16 
10:53:07:932->>>>-发送-68 2F 00 C3 05 00 00 00 00 0F 01 BE BE BE BE BE 17 00 00 00 00 00 F0 80 00 12 00 68 12 00 43 01 00 00 00 00 00 F0 80 03 0D 00 01 C5 16 41 16 
10:53:08:922-<<<<-接收-68 7A 00 83 04 00 00 00 00 0F 17 00 00 00 00 00 01 BE BE BE BE BE F0 80 00 5D 00 68 5D 00 83 00 00 00 00 00 00 F0 80 03 00 00 00 00 00 00 00 00 00 00 00 00 29 00 00 00 00 00 00 00 2F 00 00 00 64 00 00 00 0E 00 00 00 12 00 50 00 00 00 15 00 00 00 0B 00 00 00 50 00 00 00 3B 00 00 00 2F 00 00 00 46 00 00 00 3A 00 00 00 0F 00 00 00 57 00 00 00 15 00 00 00 F7 16 FA 16 
10:53:09:004->>>>-发送-68 2F 00 C3 05 00 00 00 00 10 01 BE BE BE BE BE 17 00 00 00 00 00 F0 80 00 12 00 68 12 00 43 01 00 00 00 00 00 F0 80 03 0E 00 01 C6 16 44 16 
10:53:09:903-<<<<-接收-68 7A 00 83 04 00 00 00 00 10 17 00 00 00 00 00 01 BE BE BE BE BE F0 80 00 5D 00 68 5D 00 83 00 00 00 00 00 00 F0 80 03 00 00 00 00 00 00 00 00 00 00 00 00 1A 00 00 00 00 00 00 00 16 00 00 00 3C 00 00 00 32 00 00 00 12 00 10 00 00 00 03 00 00 00 03 00 00 00 10 00 00 00 10 00 00 00 07 00 00 00 05 00 00 00 27 00 00 00 09 00 00 00 05 00 00 00 0D 00 00 00 2A 16 61 16 
10:53:09:983->>>>-发送-68 2F 00 C3 05 00 00 00 00 11 01 BE BE BE BE BE 17 00 00 00 00 00 F0 80 00 12 00 68 12 00 43 01 00 00 00 00 00 F0 80 03 0F 00 01 C7 16 47 16 
10:53:10:802-<<<<-接收-68 7A 00 83 04 00 00 00 00 11 17 00 00 00 00 00 01 BE BE BE BE BE F0 80 00 5D 00 68 5D 00 83 00 00 00 00 00 00 F0 80 03 00 00 00 00 00 00 00 00 00 00 00 00 11 00 00 00 00 00 00 00 0E 00 00 00 39 00 00 00 22 00 00 00 30 00 5A 00 00 00 02 00 00 00 03 00 00 00 21 00 00 00 5A 00 00 00 29 00 00 00 0C 00 00 00 09 00 00 00 03 00 00 00 00 00 00 00 00 00 00 00 BB 16 84 16 
10:53:10:881->>>>-发送-68 2F 00 C3 05 00 00 00 00 12 01 BE BE BE BE BE 17 00 00 00 00 00 F0 80 00 12 00 68 12 00 43 01 00 00 00 00 00 F0 80 03 10 00 01 C8 16 4A 16 
10:53:11:742-<<<<-接收-68 7A 00 83 04 00 00 00 00 12 17 00 00 00 00 00 01 BE BE BE BE BE F0 80 00 5D 00 68 5D 00 83 00 00 00 00 00 00 F0 80 03 00 00 00 00 00 00 00 00 00 00 00 00 29 00 00 00 00 00 00 00 24 00 00 00 3F 00 00 00 09 00 00 00 09 00 35 00 00 00 03 00 00 00 03 00 00 00 22 00 00 00 0C 00 00 00 21 00 00 00 0D 00 00 00 12 00 00 00 0B 00 00 00 14 00 00 00 0D 00 00 00 69 16 E1 16 
10:53:11:818->>>>-发送-68 2F 00 C3 05 00 00 00 00 13 01 BE BE BE BE BE 17 00 00 00 00 00 F0 80 00 12 00 68 12 00 43 01 00 00 00 00 00 F0 80 03 11 00 01 C9 16 4D 16 
10:53:12:712-<<<<-接收-68 7A 00 83 04 00 00 00 00 13 17 00 00 00 00 00 01 BE BE BE BE BE F0 80 00 5D 00 68 5D 00 83 00 00 00 00 00 00 F0 80 03 00 00 00 00 00 00 00 00 00 00 00 00 36 00 00 00 00 00 00 00 30 00 00 00 3F 00 00 00 0A 00 00 00 1D 00 21 00 00 00 02 00 00 00 03 00 00 00 21 00 00 00 13 00 00 00 03 00 00 00 18 00 00 00 36 00 00 00 0C 00 00 00 11 00 00 00 0E 00 00 00 98 16 40 16 
10:53:12:788->>>>-发送-68 2F 00 C3 05 00 00 00 00 14 01 BE BE BE BE BE 17 00 00 00 00 00 F0 80 00 12 00 68 12 00 43 01 00 00 00 00 00 F0 80 03 12 00 01 CA 16 50 16 
10:53:13:656-<<<<-接收-68 7A 00 83 04 00 00 00 00 14 17 00 00 00 00 00 01 BE BE BE BE BE F0 80 00 5D 00 68 5D 00 83 00 00 00 00 00 00 F0 80 03 00 00 00 00 00 00 00 00 00 00 00 00 29 00 00 00 00 00 00 00 24 00 00 00 53 00 00 00 08 00 00 00 1D 00 22 00 00 00 04 00 00 00 22 00 00 00 0C 00 00 00 12 00 00 00 03 00 00 00 49 00 00 00 20 00 00 00 21 00 00 00 13 00 00 00 1A 00 00 00 DB 16 C7 16 
10:53:13:734->>>>-发送-68 2F 00 C3 05 00 00 00 00 15 01 BE BE BE BE BE 17 00 00 00 00 00 F0 80 00 12 00 68 12 00 43 01 00 00 00 00 00 F0 80 03 13 00 01 CB 16 53 16 
10:53:14:580-<<<<-接收-68 7A 00 83 04 00 00 00 00 15 17 00 00 00 00 00 01 BE BE BE BE BE F0 80 00 5D 00 68 5D 00 83 00 00 00 00 00 00 F0 80 03 00 00 00 00 00 00 00 00 00 00 00 00 08 00 00 00 00 00 00 00 03 00 00 00 08 00 00 00 00 00 00 00 00 00 2A 00 00 00 03 00 00 00 0A 00 00 00 1F 00 00 00 2A 00 00 00 0C 00 00 00 16 00 00 00 00 00 00 00 00 00 00 00 00 00 00 00 00 00 00 00 AB 16 68 16 
10:53:14:657->>>>-发送-68 2F 00 C3 05 00 00 00 00 16 01 BE BE BE BE BE 17 00 00 00 00 00 F0 80 00 12 00 68 12 00 43 01 00 00 00 00 00 F0 80 03 14 00 01 CC 16 56 16 
10:53:16:188-<<<<-接收-68 7A 00 83 04 00 00 00 00 16 17 00 00 00 00 00 01 BE BE BE BE BE F0 80 00 5D 00 68 5D 00 83 00 00 00 00 00 00 F0 80 03 00 00 00 00 00 00 00 00 00 00 00 00 1E 00 00 00 00 00 00 00 14 00 00 00 21 00 00 00 0F 00 00 00 13 00 3F 00 00 00 03 00 00 00 0C 00 00 00 0E 00 00 00 17 00 00 00 3F 00 00 00 09 00 00 00 06 00 00 00 0F 00 00 00 0B 00 00 00 0E 00 00 00 54 16 BB 16 
10:53:16:290->>>>-发送-68 2F 00 C3 05 00 00 00 00 17 01 BE BE BE BE BE 17 00 00 00 00 00 F0 80 00 12 00 68 12 00 43 01 00 00 00 00 00 F0 80 03 15 00 01 CD 16 59 16 
10:53:17:199-<<<<-接收-68 7A 00 83 04 00 00 00 00 17 17 00 00 00 00 00 01 BE BE BE BE BE F0 80 00 5D 00 68 5D 00 83 00 00 00 00 00 00 F0 80 03 00 00 00 00 00 00 00 00 00 00 00 00 09 00 00 00 00 00 00 00 02 00 00 00 23 00 00 00 02 00 00 00 03 00 04 00 00 00 03 00 00 00 03 00 00 00 03 00 00 00 03 00 00 00 02 00 00 00 05 00 00 00 02 00 00 00 03 00 00 00 03 00 00 00 1C 00 00 00 64 16 DC 16 
10:53:17:280->>>>-发送-68 2F 00 C3 05 00 00 00 00 18 01 BE BE BE BE BE 17 00 00 00 00 00 F0 80 00 12 00 68 12 00 43 01 00 00 00 00 00 F0 80 03 16 00 01 CE 16 5C 16 
10:53:18:273-<<<<-接收-68 7A 00 83 04 00 00 00 00 18 17 00 00 00 00 00 01 BE BE BE BE BE F0 80 00 5D 00 68 5D 00 83 00 00 00 00 00 00 F0 80 03 00 00 00 00 00 00 00 00 00 00 00 00 09 00 00 00 00 00 00 00 02 00 00 00 22 00 00 00 04 00 00 00 03 00 04 00 00 00 03 00 00 00 03 00 00 00 03 00 00 00 03 00 00 00 03 00 00 00 03 00 00 00 03 00 00 00 04 00 00 00 02 00 00 00 02 00 00 00 4B 16 AB 16 
10:53:18:348->>>>-发送-68 2F 00 C3 05 00 00 00 00 19 01 BE BE BE BE BE 17 00 00 00 00 00 F0 80 00 12 00 68 12 00 43 01 00 00 00 00 00 F0 80 03 17 00 01 CF 16 5F 16 
10:53:19:151-<<<<-接收-68 7A 00 83 04 00 00 00 00 19 17 00 00 00 00 00 01 BE BE BE BE BE F0 80 00 5D 00 68 5D 00 83 00 00 00 00 00 00 F0 80 03 00 00 00 00 00 00 00 00 00 00 00 00 11 00 00 00 00 00 00 00 08 00 00 00 55 00 00 00 0B 00 00 00 02 00 08 00 00 00 03 00 00 00 03 00 00 00 08 00 00 00 02 00 00 00 04 00 00 00 0B 00 00 00 04 00 00 00 06 00 00 00 02 00 00 00 05 00 00 00 A9 16 68 16 
10:53:19:232->>>>-发送-68 2F 00 C3 05 00 00 00 00 1A 01 BE BE BE BE BE 17 00 00 00 00 00 F0 80 00 12 00 68 12 00 43 01 00 00 00 00 00 F0 80 03 18 00 01 D0 16 62 16 
10:53:20:042-<<<<-接收-68 7A 00 83 04 00 00 00 00 1A 17 00 00 00 00 00 01 BE BE BE BE BE F0 80 00 5D 00 68 5D 00 83 00 00 00 00 00 00 F0 80 03 00 00 00 00 00 00 00 00 00 00 00 00 14 00 00 00 00 00 00 00 0B 00 00 00 3F 00 00 00 10 00 00 00 02 00 08 00 00 00 03 00 00 00 03 00 00 00 08 00 00 00 03 00 00 00 06 00 00 00 0F 00 00 00 04 00 00 00 06 00 00 00 0B 00 00 00 05 00 00 00 AE 16 73 16 
10:53:20:122->>>>-发送-68 2F 00 C3 05 00 00 00 00 1B 01 BE BE BE BE BE 17 00 00 00 00 00 F0 80 00 12 00 68 12 00 43 01 00 00 00 00 00 F0 80 03 19 00 01 D1 16 65 16 
10:53:20:813-<<<<-接收-68 7A 00 83 04 00 00 00 00 1B 17 00 00 00 00 00 01 BE BE BE BE BE F0 80 00 5D 00 68 5D 00 83 00 00 00 00 00 00 F0 80 03 00 00 00 00 00 00 00 00 00 00 00 00 28 00 00 00 00 00 00 00 23 00 00 00 48 00 00 00 09 00 00 00 05 00 10 00 00 00 04 00 00 00 03 00 00 00 10 00 00 00 0D 00 00 00 03 00 00 00 05 00 00 00 3E 00 00 00 20 00 00 00 21 00 00 00 15 00 00 00 67 16 E6 16 
10:53:20:896->>>>-发送-68 2F 00 C3 05 00 00 00 00 1C 01 BE BE BE BE BE 17 00 00 00 00 00 F0 80 00 12 00 68 12 00 43 01 00 00 00 00 00 F0 80 03 1A 00 01 D2 16 68 16 
10:53:21:184-<<<<-接收-68 2D 00 83 04 00 00 00 00 1C 17 00 00 00 00 00 01 BE BE BE BE BE F0 80 00 10 00 68 10 00 83 00 00 00 00 BE 00 00 02 00 0C 4F 16 1D 16 
10:56:52:864->>>>-发送-68 33 00 C3 05 00 00 00 00 1D 01 BE BE BE BE BE 17 00 00 00 00 00 F0 80 00 16 00 68 16 00 43 01 00 00 00 00 00 F0 10 02 00 00 00 00 00 04 01 4B 16 63 16 
10:56:53:173-<<<<-接收-68 2D 00 83 04 00 00 00 00 1D 17 00 00 00 00 00 01 BE BE BE BE BE F0 80 00 10 00 68 10 00 83 F8 F0 00 00 00 00 00 02 00 13 80 16 80 16 
10:56:56:771->>>>-发送-68 33 00 C3 05 00 00 00 00 1E 01 BE BE BE BE BE 17 00 00 00 00 00 F0 80 00 16 00 68 16 00 43 01 00 00 00 00 00 F0 10 02 00 00 00 00 00 04 01 4B 16 64 16 
10:56:57:029-<<<<-接收-68 2D 00 83 04 00 00 00 00 1E 17 00 00 00 00 00 01 BE BE BE BE BE F0 80 00 10 00 68 10 00 83 00 20 00 00 06 00 00 02 00 13 BE 16 FD 16 
10:57:37:180->>>>-发送-68 16 00 43 01 00 00 00 00 00 F0 10 02 00 00 00 00 00 04 01 4B 16 
10:57:37:268-<<<<-接收-68 10 00 83 00 00 00 00 90 00 00 02 00 13 28 16 
10:57:50:007->>>>-发送-68 16 00 43 01 00 00 00 00 00 F0 10 02 00 00 00 00 00 04 01 4B 16 
10:57:50:096-<<<<-接收-68 10 00 83 00 00 00 00 90 00 00 02 00 13 28 16 
10:59:12:182->>>>-发送-68 22 00 43 04 00 00 B0 04 00 01 BE BE BE BE BE 00 00 00 00 00 17 F0 10 02 00 00 00 00 00 04 01 D0 16 
11:00:50:533->>>>-发送-68 2C 00 C3 05 00 00 00 00 20 01 BE BE BE BE BE 17 00 00 00 00 00 F0 80 00 0F 00 68 0F 00 C3 01 00 00 00 00 1F F0 02 01 D6 16 6E 16 
11:00:51:660-<<<<-接收-68 2E 00 83 04 00 00 00 00 20 17 00 00 00 00 00 01 BE BE BE BE BE F0 80 00 11 00 68 11 00 83 F8 10 00 00 00 1F F0 02 01 19 00 B6 16 F1 16 
11:00:51:665->>>>-发送-68 2F 00 C3 05 00 00 00 00 22 01 BE BE BE BE BE 17 00 00 00 00 00 F0 80 00 12 00 68 12 00 C3 01 00 00 00 00 21 F0 01 01 00 00 14 EB 16 A0 16 
11:00:52:536-<<<<-接收-68 49 01 83 04 00 00 00 00 22 17 00 00 00 00 00 01 BE BE BE BE BE F0 80 00 2C 01 68 2C 01 83 F8 10 00 00 00 21 F0 01 01 19 00 00 00 14 31 00 00 00 00 00 02 00 01 00 42 63 00 00 33 00 00 00 00 00 03 00 01 00 42 63 00 00 32 00 00 00 00 00 04 00 01 00 42 63 00 00 34 00 00 00 00 00 05 00 01 00 42 64 00 00 35 00 00 00 00 00 06 00 01 00 42 63 00 00 41 00 00 00 00 00 07 00 01 00 42 63 00 00 43 00 00 00 00 00 08 00 01 00 42 63 00 00 45 00 00 00 00 00 09 00 01 00 42 63 00 00 44 00 00 00 00 00 0A 00 01 00 42 63 00 00 42 00 00 00 00 00 0B 00 01 00 42 61 00 00 37 00 00 00 00 00 0C 00 01 00 42 64 00 00 21 00 00 00 00 00 0D 00 01 00 42 63 00 00 36 00 00 00 00 00 0E 00 01 00 42 63 00 00 22 00 00 00 00 00 0F 00 01 00 42 63 00 00 23 00 00 00 00 00 10 00 01 00 42 63 00 00 24 00 00 00 00 00 11 00 01 00 42 64 00 00 25 00 00 00 00 00 12 00 01 00 62 A1 00 00 26 00 00 00 00 00 13 00 01 00 62 F6 00 00 15 00 00 00 00 00 14 00 12 00 43 63 00 00 16 00 00 00 00 00 15 00 12 00 43 61 00 00 98 16 EF 16 
11:00:52:543->>>>-发送-68 2F 00 C3 05 00 00 00 00 24 01 BE BE BE BE BE 17 00 00 00 00 00 F0 80 00 12 00 68 12 00 C3 01 00 00 00 00 23 F0 01 01 14 00 05 F2 16 B0 16 
11:01:05:098->>>>-发送-68 2C 00 C3 05 00 00 00 00 26 01 BE BE BE BE BE 17 00 00 00 00 00 F0 80 00 0F 00 68 0F 00 C3 01 00 00 00 00 25 F0 02 01 DC 16 80 16 
11:01:05:431-<<<<-接收-68 2E 00 83 04 00 00 00 00 26 17 00 00 00 00 00 01 BE BE BE BE BE F0 80 00 11 00 68 11 00 83 F8 10 00 00 00 25 F0 02 01 19 00 BC 16 03 16 
11:01:05:461->>>>-发送-68 2F 00 C3 05 00 00 00 00 28 01 BE BE BE BE BE 17 00 00 00 00 00 F0 80 00 12 00 68 12 00 C3 01 00 00 00 00 27 F0 01 01 00 00 14 F1 16 B2 16 
11:01:06:283-<<<<-接收-68 49 01 83 04 00 00 00 00 28 17 00 00 00 00 00 01 BE BE BE BE BE F0 80 00 2C 01 68 2C 01 83 F8 10 00 00 00 27 F0 01 01 19 00 00 00 14 31 00 00 00 00 00 02 00 01 00 42 63 00 00 33 00 00 00 00 00 03 00 01 00 42 63 00 00 32 00 00 00 00 00 04 00 01 00 42 63 00 00 34 00 00 00 00 00 05 00 01 00 42 64 00 00 35 00 00 00 00 00 06 00 01 00 42 63 00 00 41 00 00 00 00 00 07 00 01 00 42 63 00 00 43 00 00 00 00 00 08 00 01 00 42 63 00 00 45 00 00 00 00 00 09 00 01 00 42 63 00 00 44 00 00 00 00 00 0A 00 01 00 42 63 00 00 42 00 00 00 00 00 0B 00 01 00 42 61 00 00 37 00 00 00 00 00 0C 00 01 00 42 63 00 00 21 00 00 00 00 00 0D 00 01 00 42 63 00 00 36 00 00 00 00 00 0E 00 01 00 42 63 00 00 22 00 00 00 00 00 0F 00 01 00 42 63 00 00 23 00 00 00 00 00 10 00 01 00 42 63 00 00 24 00 00 00 00 00 11 00 01 00 42 64 00 00 25 00 00 00 00 00 12 00 01 00 62 A1 00 00 26 00 00 00 00 00 13 00 01 00 62 F6 00 00 15 00 00 00 00 00 14 00 12 00 43 63 00 00 16 00 00 00 00 00 15 00 12 00 43 61 00 00 9D 16 FF 16 
11:01:06:292->>>>-发送-68 2F 00 C3 05 00 00 00 00 2A 01 BE BE BE BE BE 17 00 00 00 00 00 F0 80 00 12 00 68 12 00 C3 01 00 00 00 00 29 F0 01 01 14 00 05 F8 16 C2 16 
11:01:06:336-<<<<-接收-17 00 00 00 00 00 01 BE BE BE BE BE F0 80 00 00 00 E9 16 
11:02:04:838->>>>-发送-68 22 00 43 14 00 00 B0 04 00 01 BE BE BE BE BE 25 00 00 00 00 00 F0 10 02 00 00 00 00 00 04 01 EE 16 
11:02:53:704->>>>-发送-68 0F 00 C3 01 00 00 00 00 00 F0 20 03 D7 16 
11:02:55:796-<<<<-接收-68 17 00 C3 00 00 00 00 00 0B F0 04 03 01 17 00 00 00 00 00 01 DE 16 
11:02:57:702->>>>-发送-68 10 00 C3 01 00 00 00 00 01 F0 80 03 01 39 16 
11:02:57:780-<<<<-接收-68 15 00 83 00 00 00 00 06 01 00 01 00 00 00 00 00 00 00 8B 16 
11:03:32:504->>>>-发送-68 22 00 43 04 00 00 B0 04 00 01 BE BE BE BE BE 25 00 00 00 00 00 F0 10 02 00 00 00 00 00 04 01 DE 16 
11:03:53:856->>>>-发送-68 22 00 43 04 00 00 B0 04 00 01 BE BE BE BE BE 25 00 00 00 00 00 F0 10 02 00 00 00 00 00 04 01 DE 16 
11:05:11:863->>>>-发送-68 0F 00 C3 01 00 00 00 00 00 F0 20 03 D7 16 
11:05:14:006-<<<<-接收-68 17 00 C3 00 00 00 00 00 01 F0 04 03 01 17 00 00 00 00 00 01 D4 16 
11:05:15:528->>>>-发送-68 10 00 C3 01 00 00 00 00 01 F0 80 03 01 39 16 
11:05:15:603-<<<<-接收-68 15 00 83 00 00 00 00 06 01 00 01 00 00 00 00 00 00 00 8B 16 
11:05:33:453->>>>-发送-68 22 00 43 04 00 00 B0 04 00 01 BE BE BE BE BE 25 00 00 00 00 00 F0 10 02 00 00 00 00 00 04 01 DE 16 
11:06:03:260->>>>-发送-68 22 00 43 04 00 00 B0 04 00 01 BE BE BE BE BE 25 00 00 00 00 00 F0 10 02 00 00 00 00 00 04 01 DE 16 
15:44:08:205->>>>-发送-68 0F 00 C3 01 00 00 00 00 00 F0 20 03 D7 16 
15:44:10:395-<<<<-接收-68 1E 00 C3 00 00 00 00 00 06 F0 04 03 02 0A 0B 0C 0D 0E 0F 01 17 00 00 00 00 00 01 26 16 
15:44:12:291->>>>-发送-68 10 00 C3 01 00 00 00 00 01 F0 80 03 01 39 16 
15:44:12:366-<<<<-接收-68 15 00 83 00 00 00 00 06 01 00 01 00 00 00 00 00 00 00 8B 16 
15:44:27:022->>>>-发送-68 2C 00 C3 05 00 00 00 00 02 01 BE BE BE BE BE 17 00 00 00 00 00 F0 80 00 0F 00 68 0F 00 43 01 00 00 00 00 00 10 01 00 55 16 4E 16 
15:44:27:438-<<<<-接收-68 30 00 83 04 00 00 00 00 02 17 00 00 00 00 00 01 BE BE BE BE BE F0 80 00 13 00 68 13 00 83 00 00 00 00 00 00 10 01 00 1A 00 F8 07 AD 16 C5 16 
15:44:27:444->>>>-发送-68 2F 00 C3 05 00 00 00 00 03 01 BE BE BE BE BE 17 00 00 00 00 00 F0 80 00 12 00 68 12 00 43 01 00 00 00 00 00 F0 80 03 01 00 01 B9 16 1D 16 
15:44:38:154->>>>-发送-68 2F 00 C3 05 00 00 00 00 04 01 BE BE BE BE BE 17 00 00 00 00 00 F0 80 00 12 00 68 12 00 43 01 00 00 00 00 00 F0 80 03 02 00 01 BA 16 20 16 
15:44:40:789-<<<<-接收-68 1D 00 83 04 00 00 00 00 03 17 00 00 00 00 00 01 BE BE BE BE BE F0 80 00 00 00 C8 16 
15:44:40:797->>>>-发送-68 2F 00 C3 05 00 00 00 00 05 01 BE BE BE BE BE 17 00 00 00 00 00 F0 80 00 12 00 68 12 00 43 01 00 00 00 00 00 F0 80 03 03 00 01 BB 16 23 16 
15:44:51:506-<<<<-接收-68 1D 00 83 04 00 00 00 00 04 17 00 00 00 00 00 01 BE BE BE BE BE F0 80 00 00 00 C9 16 
15:44:51:520->>>>-发送-68 2F 00 C3 05 00 00 00 00 06 01 BE BE BE BE BE 17 00 00 00 00 00 F0 80 00 12 00 68 12 00 43 01 00 00 00 00 00 F0 80 03 04 00 01 BC 16 26 16 
15:44:54:173-<<<<-接收-68 7A 00 83 04 00 00 00 00 06 17 00 00 00 00 00 01 BE BE BE BE BE F0 80 00 5D 00 68 5D 00 83 00 00 00 00 00 00 F0 80 03 00 00 00 00 00 00 00 00 00 00 00 00 38 00 00 00 00 00 00 00 22 00 00 00 56 00 00 00 0F 00 00 00 0D 00 3C 00 00 00 0B 00 00 00 1A 00 00 00 35 00 00 00 21 00 00 00 3C 00 00 00 0F 00 00 00 30 00 00 00 2F 00 00 00 0C 00 00 00 22 00 00 00 51 16 A5 16 
15:44:54:252->>>>-发送-68 2F 00 C3 05 00 00 00 00 07 01 BE BE BE BE BE 17 00 00 00 00 00 F0 80 00 12 00 68 12 00 43 01 00 00 00 00 00 F0 80 03 05 00 01 BD 16 29 16 
15:44:56:573-<<<<-接收-68 7A 00 83 04 00 00 00 00 07 17 00 00 00 00 00 01 BE BE BE BE BE F0 80 00 5D 00 68 5D 00 83 00 00 00 00 00 00 F0 80 03 00 00 00 00 00 00 00 00 00 00 00 00 3E 00 00 00 00 00 00 00 24 00 00 00 56 00 00 00 0F 00 00 00 0D 00 59 00 00 00 0C 00 00 00 1E 00 00 00 3C 00 00 00 0C 00 00 00 3D 00 00 00 0B 00 00 00 0B 00 00 00 59 00 00 00 2F 00 00 00 0B 00 00 00 7B 16 FA 16 
15:44:56:792->>>>-发送-68 2F 00 C3 05 00 00 00 00 08 01 BE BE BE BE BE 17 00 00 00 00 00 F0 80 00 12 00 68 12 00 43 01 00 00 00 00 00 F0 80 03 06 00 01 BE 16 2C 16 
15:45:07:591->>>>-发送-68 2F 00 C3 05 00 00 00 00 09 01 BE BE BE BE BE 17 00 00 00 00 00 F0 80 00 12 00 68 12 00 43 01 00 00 00 00 00 F0 80 03 07 00 01 BF 16 2F 16 
15:45:10:145-<<<<-接收-68 1D 00 83 04 00 00 00 00 08 17 00 00 00 00 00 01 BE BE BE BE BE F0 80 00 00 00 CD 16 
15:45:10:159->>>>-发送-68 2F 00 C3 05 00 00 00 00 0A 01 BE BE BE BE BE 17 00 00 00 00 00 F0 80 00 12 00 68 12 00 43 01 00 00 00 00 00 F0 80 03 08 00 01 C0 16 32 16 
15:45:10:804-<<<<-接收-68 7A 00 83 04 00 00 00 00 0A 17 00 00 00 00 00 01 BE BE BE BE BE F0 80 00 5D 00 68 5D 00 83 00 00 00 00 00 00 F0 80 03 00 00 00 00 00 00 00 00 00 00 00 00 39 00 00 00 00 00 00 00 2B 00 00 00 49 00 00 00 18 00 00 00 03 00 3F 00 00 00 12 00 00 00 0A 00 00 00 0F 00 00 00 0B 00 00 00 0E 00 00 00 0C 00 00 00 19 00 00 00 3F 00 00 00 35 00 00 00 0B 00 00 00 E5 16 D1 16 
15:45:10:959->>>>-发送-68 2F 00 C3 05 00 00 00 00 0B 01 BE BE BE BE BE 17 00 00 00 00 00 F0 80 00 12 00 68 12 00 43 01 00 00 00 00 00 F0 80 03 09 00 01 C1 16 35 16 
15:45:13:552-<<<<-接收-68 7A 00 83 04 00 00 00 00 0B 17 00 00 00 00 00 01 BE BE BE BE BE F0 80 00 5D 00 68 5D 00 83 00 00 00 00 00 00 F0 80 03 00 00 00 00 00 00 00 00 00 00 00 00 4B 00 00 00 00 00 00 00 2E 00 00 00 59 00 00 00 03 00 00 00 03 00 18 00 00 00 12 00 00 00 0D 00 00 00 0F 00 00 00 0E 00 00 00 0B 00 00 00 16 00 00 00 0B 00 00 00 0B 00 00 00 03 00 00 00 0E 00 00 00 6A 16 DC 16 
15:45:13:744->>>>-发送-68 2F 00 C3 05 00 00 00 00 0C 01 BE BE BE BE BE 17 00 00 00 00 00 F0 80 00 12 00 68 12 00 43 01 00 00 00 00 00 F0 80 03 0A 00 01 C2 16 38 16 
15:45:15:734-<<<<-接收-68 7A 00 83 04 00 00 00 00 0C 17 00 00 00 00 00 01 BE BE BE BE BE F0 80 00 5D 00 68 5D 00 83 00 00 00 00 00 00 F0 80 03 00 00 00 00 00 00 00 00 00 00 00 00 32 00 00 00 00 00 00 00 29 00 00 00 58 00 00 00 1D 00 00 00 03 00 37 00 00 00 14 00 00 00 0B 00 00 00 0F 00 00 00 0F 00 00 00 25 00 00 00 13 00 00 00 12 00 00 00 32 00 00 00 1F 00 00 00 1F 00 00 00 F7 16 F7 16 
15:45:15:861->>>>-发送-68 2F 00 C3 05 00 00 00 00 0D 01 BE BE BE BE BE 17 00 00 00 00 00 F0 80 00 12 00 68 12 00 43 01 00 00 00 00 00 F0 80 03 0B 00 01 C3 16 3B 16 
15:45:20:966-<<<<-接收-68 1D 00 83 04 00 00 00 00 09 17 00 00 00 00 00 01 BE BE BE BE BE F0 80 00 00 00 CE 16 
15:45:21:032->>>>-发送-68 2F 00 C3 05 00 00 00 00 0E 01 BE BE BE BE BE 17 00 00 00 00 00 F0 80 00 12 00 68 12 00 43 01 00 00 00 00 00 F0 80 03 0C 00 01 C4 16 3E 16 
15:45:22:235-<<<<-接收-68 7A 00 83 04 00 00 00 00 0E 17 00 00 00 00 00 01 BE BE BE BE BE F0 80 00 5D 00 68 5D 00 83 00 00 00 00 00 00 F0 80 03 00 00 00 00 00 00 00 00 00 00 00 00 20 00 00 00 00 00 00 00 16 00 00 00 47 00 00 00 0C 00 00 00 17 00 5D 00 00 00 0F 00 00 00 0A 00 00 00 5D 00 00 00 1A 00 00 00 0B 00 00 00 25 00 00 00 4B 00 00 00 34 00 00 00 1F 00 00 00 20 00 00 00 71 16 ED 16 
15:45:22:402->>>>-发送-68 2F 00 C3 05 00 00 00 00 0F 01 BE BE BE BE BE 17 00 00 00 00 00 F0 80 00 12 00 68 12 00 43 01 00 00 00 00 00 F0 80 03 0D 00 01 C5 16 41 16 
15:45:23:986-<<<<-接收-68 7A 00 83 04 00 00 00 00 0F 17 00 00 00 00 00 01 BE BE BE BE BE F0 80 00 5D 00 68 5D 00 83 00 00 00 00 00 00 F0 80 03 00 00 00 00 00 00 00 00 00 00 00 00 2D 00 00 00 00 00 00 00 32 00 00 00 6B 00 00 00 0E 00 00 00 12 00 50 00 00 00 0F 00 00 00 0C 00 00 00 33 00 00 00 0A 00 00 00 37 00 00 00 0B 00 00 00 50 00 00 00 3B 00 00 00 2F 00 00 00 46 00 00 00 CA 16 A0 16 
15:45:24:197->>>>-发送-68 2F 00 C3 05 00 00 00 00 10 01 BE BE BE BE BE 17 00 00 00 00 00 F0 80 00 12 00 68 12 00 43 01 00 00 00 00 00 F0 80 03 0E 00 01 C6 16 44 16 
15:45:26:173-<<<<-接收-68 7A 00 83 04 00 00 00 00 10 17 00 00 00 00 00 01 BE BE BE BE BE F0 80 00 5D 00 68 5D 00 83 00 00 00 00 00 00 F0 80 03 00 00 00 00 00 00 00 00 00 00 00 00 1A 00 00 00 00 00 00 00 16 00 00 00 40 00 00 00 32 00 00 00 12 00 10 00 00 00 0C 00 00 00 05 00 00 00 10 00 00 00 10 00 00 00 07 00 00 00 05 00 00 00 27 00 00 00 09 00 00 00 05 00 00 00 0D 00 00 00 39 16 7F 16 
15:45:26:284->>>>-发送-68 2F 00 C3 05 00 00 00 00 11 01 BE BE BE BE BE 17 00 00 00 00 00 F0 80 00 12 00 68 12 00 43 01 00 00 00 00 00 F0 80 03 0F 00 01 C7 16 47 16 
15:45:28:483-<<<<-接收-68 7A 00 83 04 00 00 00 00 11 17 00 00 00 00 00 01 BE BE BE BE BE F0 80 00 5D 00 68 5D 00 83 00 00 00 00 00 00 F0 80 03 00 00 00 00 00 00 00 00 00 00 00 00 10 00 00 00 00 00 00 00 0E 00 00 00 3D 00 00 00 22 00 00 00 30 00 5A 00 00 00 10 00 00 00 21 00 00 00 5A 00 00 00 29 00 00 00 0C 00 00 00 09 00 00 00 03 00 00 00 00 00 00 00 00 00 00 00 00 00 00 00 C9 16 A0 16 
15:45:28:564->>>>-发送-68 2F 00 C3 05 00 00 00 00 12 01 BE BE BE BE BE 17 00 00 00 00 00 F0 80 00 12 00 68 12 00 43 01 00 00 00 00 00 F0 80 03 10 00 01 C8 16 4A 16 
15:45:29:229-<<<<-接收-68 1D 00 83 04 00 00 00 00 0D 17 00 00 00 00 00 01 BE BE BE BE BE F0 80 00 00 00 D2 16 
15:45:29:249->>>>-发送-68 2F 00 C3 05 00 00 00 00 13 01 BE BE BE BE BE 17 00 00 00 00 00 F0 80 00 12 00 68 12 00 43 01 00 00 00 00 00 F0 80 03 11 00 01 C9 16 4D 16 
15:45:31:076-<<<<-接收-68 7A 00 83 04 00 00 00 00 13 17 00 00 00 00 00 01 BE BE BE BE BE F0 80 00 5D 00 68 5D 00 83 00 00 00 00 00 00 F0 80 03 00 00 00 00 00 00 00 00 00 00 00 00 28 00 00 00 00 00 00 00 24 00 00 00 43 00 00 00 09 00 00 00 09 00 35 00 00 00 12 00 00 00 22 00 00 00 0C 00 00 00 21 00 00 00 0D 00 00 00 12 00 00 00 0B 00 00 00 14 00 00 00 0D 00 00 00 2E 00 00 00 A6 16 5C 16 
15:45:31:156->>>>-发送-68 2F 00 C3 05 00 00 00 00 14 01 BE BE BE BE BE 17 00 00 00 00 00 F0 80 00 12 00 68 12 00 43 01 00 00 00 00 00 F0 80 03 12 00 01 CA 16 50 16 
15:45:41:876->>>>-发送-68 2F 00 C3 05 00 00 00 00 15 01 BE BE BE BE BE 17 00 00 00 00 00 F0 80 00 12 00 68 12 00 43 01 00 00 00 00 00 F0 80 03 13 00 01 CB 16 53 16 
15:45:43:857-<<<<-接收-68 7A 00 83 04 00 00 00 00 15 17 00 00 00 00 00 01 BE BE BE BE BE F0 80 00 5D 00 68 5D 00 83 00 00 00 00 00 00 F0 80 03 00 00 00 00 00 00 00 00 00 00 00 00 0A 00 00 00 00 00 00 00 03 00 00 00 0C 00 00 00 00 00 00 00 00 00 52 00 00 00 52 00 00 00 10 00 00 00 0A 00 00 00 1F 00 00 00 2A 00 00 00 0C 00 00 00 16 00 00 00 00 00 00 00 00 00 00 00 00 00 00 00 38 16 82 16 
15:45:44:032->>>>-发送-68 2F 00 C3 05 00 00 00 00 16 01 BE BE BE BE BE 17 00 00 00 00 00 F0 80 00 12 00 68 12 00 43 01 00 00 00 00 00 F0 80 03 14 00 01 CC 16 56 16 
15:45:44:506-<<<<-接收-68 1D 00 83 04 00 00 00 00 14 17 00 00 00 00 00 01 BE BE BE BE BE F0 80 00 00 00 D9 16 
15:45:44:582->>>>-发送-68 2F 00 C3 05 00 00 00 00 17 01 BE BE BE BE BE 17 00 00 00 00 00 F0 80 00 12 00 68 12 00 43 01 00 00 00 00 00 F0 80 03 15 00 01 CD 16 59 16 
15:45:55:431->>>>-发送-68 2F 00 C3 05 00 00 00 00 18 01 BE BE BE BE BE 17 00 00 00 00 00 F0 80 00 12 00 68 12 00 43 01 00 00 00 00 00 F0 80 03 16 00 01 CE 16 5C 16 
15:45:57:383-<<<<-接收-68 1D 00 83 04 00 00 00 00 16 17 00 00 00 00 00 01 BE BE BE BE BE F0 80 00 00 00 DB 16 
15:45:57:452->>>>-发送-68 2F 00 C3 05 00 00 00 00 19 01 BE BE BE BE BE 17 00 00 00 00 00 F0 80 00 12 00 68 12 00 43 01 00 00 00 00 00 F0 80 03 17 00 01 CF 16 5F 16 
15:45:57:943-<<<<-接收-68 1D 00 83 04 00 00 00 00 17 17 00 00 00 00 00 01 BE BE BE BE BE F0 80 00 00 00 DC 16 
15:45:58:007->>>>-发送-68 2F 00 C3 05 00 00 00 00 1A 01 BE BE BE BE BE 17 00 00 00 00 00 F0 80 00 12 00 68 12 00 43 01 00 00 00 00 00 F0 80 03 18 00 01 D0 16 62 16 
15:45:58:264-<<<<-接收-68 7A 00 83 04 00 00 00 00 19 17 00 00 00 00 00 01 BE BE BE BE BE F0 80 00 5D 00 68 5D 00 83 00 00 00 00 00 00 F0 80 03 00 00 00 00 00 00 00 00 00 00 00 00 14 00 00 00 00 00 00 00 0A 00 00 00 5A 00 00 00 0B 00 00 00 02 00 0C 00 00 00 0C 00 00 00 0C 00 00 00 03 00 00 00 04 00 00 00 08 00 00 00 02 00 00 00 04 00 00 00 0B 00 00 00 04 00 00 00 06 00 00 00 C9 16 A8 16 
15:45:58:417->>>>-发送-68 2F 00 C3 05 00 00 00 00 1B 01 BE BE BE BE BE 17 00 00 00 00 00 F0 80 00 12 00 68 12 00 43 01 00 00 00 00 00 F0 80 03 19 00 01 D1 16 65 16 
15:45:59:646-<<<<-接收-68 7A 00 83 04 00 00 00 00 1B 17 00 00 00 00 00 01 BE BE BE BE BE F0 80 00 5D 00 68 5D 00 83 00 00 00 00 00 00 F0 80 03 00 00 00 00 00 00 00 00 00 00 00 00 14 00 00 00 00 00 00 00 0B 00 00 00 42 00 00 00 10 00 00 00 02 00 08 00 00 00 02 00 00 00 03 00 00 00 08 00 00 00 03 00 00 00 06 00 00 00 0F 00 00 00 04 00 00 00 06 00 00 00 0B 00 00 00 05 00 00 00 B0 16 78 16 
15:45:59:875->>>>-发送-68 2F 00 C3 05 00 00 00 00 1C 01 BE BE BE BE BE 17 00 00 00 00 00 F0 80 00 12 00 68 12 00 43 01 00 00 00 00 00 F0 80 03 1A 00 01 D2 16 68 16 
15:46:00:249-<<<<-接收-68 2D 00 83 04 00 00 00 00 1C 17 00 00 00 00 00 01 BE BE BE BE BE F0 80 00 10 00 68 10 00 83 00 00 00 00 00 00 00 02 00 0C 91 16 A1 16 
15:46:13:671->>>>-发送-68 2C 00 C3 05 00 00 00 00 1D 01 BE BE BE BE BE 17 00 00 00 00 00 F0 80 00 0F 00 68 0F 00 43 01 00 00 00 00 00 10 01 00 55 16 69 16 
15:46:14:099-<<<<-接收-68 30 00 83 04 00 00 00 00 1D 17 00 00 00 00 00 01 BE BE BE BE BE F0 80 00 13 00 68 13 00 83 00 00 00 00 00 00 10 01 00 1A 00 F8 07 AD 16 E0 16 
15:46:14:110->>>>-发送-68 2F 00 C3 05 00 00 00 00 1E 01 BE BE BE BE BE 17 00 00 00 00 00 F0 80 00 12 00 68 12 00 43 01 00 00 00 00 00 F0 01 13 01 00 01 4A 16 5A 16 
15:46:14:499-<<<<-接收-68 2D 00 83 04 00 00 00 00 1E 17 00 00 00 00 00 01 BE BE BE BE BE F0 80 00 10 00 68 10 00 83 00 00 00 00 00 00 00 02 00 0C 91 16 A3 16 
15:46:14:589->>>>-发送-68 2F 00 C3 05 00 00 00 00 1F 01 BE BE BE BE BE 17 00 00 00 00 00 F0 80 00 12 00 68 12 00 43 01 00 00 00 00 00 F0 01 13 02 00 01 4B 16 5D 16 
15:46:25:425->>>>-发送-68 2F 00 C3 05 00 00 00 00 20 01 BE BE BE BE BE 17 00 00 00 00 00 F0 80 00 12 00 68 12 00 43 01 00 00 00 00 00 F0 01 13 03 00 01 4C 16 60 16 
15:46:26:922-<<<<-接收-68 66 00 83 04 00 00 00 00 20 17 00 00 00 00 00 01 BE BE BE BE BE F0 80 00 49 00 68 49 00 83 00 00 00 00 00 00 F0 01 13 1A 00 01 13 00 00 00 00 00 00 11 04 17 20 09 01 00 00 11 04 17 20 09 01 00 00 14 07 17 20 08 07 00 04 11 04 17 20 54 14 00 00 07 07 17 20 29 16 00 00 05 12 16 00 01 00 00 00 2C 16 4D 16 
15:46:27:035->>>>-发送-68 2F 00 C3 05 00 00 00 00 21 01 BE BE BE BE BE 17 00 00 00 00 00 F0 80 00 12 00 68 12 00 43 01 00 00 00 00 00 F0 01 13 04 00 01 4D 16 63 16 
15:46:27:934-<<<<-接收-68 1D 00 83 04 00 00 00 00 1F 17 00 00 00 00 00 01 BE BE BE BE BE F0 80 00 00 00 E4 16 
15:46:28:024->>>>-发送-68 2F 00 C3 05 00 00 00 00 22 01 BE BE BE BE BE 17 00 00 00 00 00 F0 80 00 12 00 68 12 00 43 01 00 00 00 00 00 F0 01 13 05 00 01 4E 16 66 16 
15:46:38:756->>>>-发送-68 2F 00 C3 05 00 00 00 00 23 01 BE BE BE BE BE 17 00 00 00 00 00 F0 80 00 12 00 68 12 00 43 01 00 00 00 00 00 F0 01 13 06 00 01 4F 16 69 16 
15:46:40:380-<<<<-接收-68 1D 00 83 04 00 00 00 00 21 17 00 00 00 00 00 01 BE BE BE BE BE F0 80 00 00 00 E6 16 
15:46:40:395->>>>-发送-68 2F 00 C3 05 00 00 00 00 24 01 BE BE BE BE BE 17 00 00 00 00 00 F0 80 00 12 00 68 12 00 43 01 00 00 00 00 00 F0 01 13 07 00 01 50 16 6C 16 
15:46:41:400-<<<<-接收-68 66 00 83 04 00 00 00 00 24 17 00 00 00 00 00 01 BE BE BE BE BE F0 80 00 49 00 68 49 00 83 00 00 00 00 00 00 F0 01 13 1A 00 01 16 00 00 00 00 00 45 11 04 17 20 09 01 00 00 11 04 17 20 09 01 00 00 14 07 17 20 08 08 00 04 11 04 17 20 54 14 00 00 07 07 17 20 29 16 00 00 05 12 16 00 01 00 00 00 75 16 E3 16 
15:48:30:188->>>>-发送-68 0F 00 C3 01 00 00 00 00 00 F0 20 03 D7 16 
15:48:32:337-<<<<-接收-68 1E 00 C3 00 00 00 00 00 08 F0 04 03 02 0A 0B 0C 0D 0E 0F 01 17 00 00 00 00 00 01 28 16 
15:48:34:153->>>>-发送-68 10 00 C3 01 00 00 00 00 01 F0 80 03 01 39 16 
15:48:34:229-<<<<-接收-68 15 00 83 00 00 00 00 06 01 00 01 00 00 00 00 00 00 00 8B 16 
15:48:45:584->>>>-发送-68 2C 00 C3 05 00 00 00 00 02 01 BE BE BE BE BE 17 00 00 00 00 00 F0 80 00 0F 00 68 0F 00 43 01 00 00 00 00 00 10 01 00 55 16 4E 16 
15:48:46:059-<<<<-接收-68 30 00 83 04 00 00 00 00 02 17 00 00 00 00 00 01 BE BE BE BE BE F0 80 00 13 00 68 13 00 83 00 00 00 00 00 00 10 01 00 1A 00 F8 07 AD 16 C5 16 
15:48:46:104->>>>-发送-68 2F 00 C3 05 00 00 00 00 03 01 BE BE BE BE BE 17 00 00 00 00 00 F0 80 00 12 00 68 12 00 43 01 00 00 00 00 00 F0 80 03 01 00 01 B9 16 1D 16 
15:48:46:470-<<<<-接收-68 2D 00 83 04 00 00 00 00 03 17 00 00 00 00 00 01 BE BE BE BE BE F0 80 00 10 00 68 10 00 83 00 00 00 00 00 00 00 02 00 0C 91 16 88 16 
15:48:46:493->>>>-发送-68 2F 00 C3 05 00 00 00 00 04 01 BE BE BE BE BE 17 00 00 00 00 00 F0 80 00 12 00 68 12 00 43 01 00 00 00 00 00 F0 80 03 02 00 01 BA 16 20 16 
15:48:48:781-<<<<-接收-68 7A 00 83 04 00 00 00 00 04 17 00 00 00 00 00 01 BE BE BE BE BE F0 80 00 5D 00 68 5D 00 83 00 00 00 00 00 00 F0 80 03 00 00 00 00 00 00 00 00 00 00 00 00 26 00 00 00 00 00 00 00 15 00 00 00 46 00 00 00 0E 00 00 00 11 00 33 00 00 00 0F 00 00 00 2F 00 00 00 16 00 00 00 0F 00 00 00 16 00 00 00 33 00 00 00 1A 00 00 00 23 00 00 00 12 00 00 00 0F 00 00 00 D3 16 A7 16 
15:48:48:887->>>>-发送-68 2F 00 C3 05 00 00 00 00 05 01 BE BE BE BE BE 17 00 00 00 00 00 F0 80 00 12 00 68 12 00 43 01 00 00 00 00 00 F0 80 03 03 00 01 BB 16 23 16 
15:48:50:384-<<<<-接收-68 7A 00 83 04 00 00 00 00 05 17 00 00 00 00 00 01 BE BE BE BE BE F0 80 00 5D 00 68 5D 00 83 00 00 00 00 00 00 F0 80 03 00 00 00 00 00 00 00 00 00 00 00 00 39 00 00 00 00 00 00 00 1E 00 00 00 6B 00 00 00 0E 00 00 00 34 00 82 00 00 00 0B 00 00 00 34 00 00 00 82 00 00 00 53 00 00 00 0F 00 00 00 16 00 00 00 35 00 00 00 3A 00 00 00 0F 00 00 00 12 00 00 00 45 16 8C 16 
15:48:50:524->>>>-发送-68 2F 00 C3 05 00 00 00 00 06 01 BE BE BE BE BE 17 00 00 00 00 00 F0 80 00 12 00 68 12 00 43 01 00 00 00 00 00 F0 80 03 04 00 01 BC 16 26 16 
15:48:51:559-<<<<-接收-68 7A 00 83 04 00 00 00 00 06 17 00 00 00 00 00 01 BE BE BE BE BE F0 80 00 5D 00 68 5D 00 83 00 00 00 00 00 00 F0 80 03 00 00 00 00 00 00 00 00 00 00 00 00 38 00 00 00 00 00 00 00 22 00 00 00 56 00 00 00 0F 00 00 00 0D 00 3C 00 00 00 0B 00 00 00 1A 00 00 00 35 00 00 00 21 00 00 00 3C 00 00 00 0F 00 00 00 30 00 00 00 2F 00 00 00 0C 00 00 00 22 00 00 00 51 16 A5 16 
15:48:51:628->>>>-发送-68 2F 00 C3 05 00 00 00 00 07 01 BE BE BE BE BE 17 00 00 00 00 00 F0 80 00 12 00 68 12 00 43 01 00 00 00 00 00 F0 80 03 05 00 01 BD 16 29 16 
15:48:52:591-<<<<-接收-68 7A 00 83 04 00 00 00 00 07 17 00 00 00 00 00 01 BE BE BE BE BE F0 80 00 5D 00 68 5D 00 83 00 00 00 00 00 00 F0 80 03 00 00 00 00 00 00 00 00 00 00 00 00 3E 00 00 00 00 00 00 00 24 00 00 00 56 00 00 00 0F 00 00 00 0D 00 59 00 00 00 0C 00 00 00 1E 00 00 00 3C 00 00 00 0C 00 00 00 3D 00 00 00 0B 00 00 00 0B 00 00 00 59 00 00 00 2F 00 00 00 0B 00 00 00 7B 16 FA 16 
15:48:52:666->>>>-发送-68 2F 00 C3 05 00 00 00 00 08 01 BE BE BE BE BE 17 00 00 00 00 00 F0 80 00 12 00 68 12 00 43 01 00 00 00 00 00 F0 80 03 06 00 01 BE 16 2C 16 
15:48:54:223-<<<<-接收-68 7A 00 83 04 00 00 00 00 08 17 00 00 00 00 00 01 BE BE BE BE BE F0 80 00 5D 00 68 5D 00 83 00 00 00 00 00 00 F0 80 03 00 00 00 00 00 00 00 00 00 00 00 00 2D 00 00 00 00 00 00 00 1C 00 00 00 6C 00 00 00 0E 00 00 00 0C 00 50 00 00 00 1B 00 00 00 35 00 00 00 0D 00 00 00 25 00 00 00 0B 00 00 00 50 00 00 00 35 00 00 00 19 00 00 00 30 00 00 00 0D 00 00 00 7D 16 FF 16 
15:48:54:409->>>>-发送-68 2F 00 C3 05 00 00 00 00 09 01 BE BE BE BE BE 17 00 00 00 00 00 F0 80 00 12 00 68 12 00 43 01 00 00 00 00 00 F0 80 03 07 00 01 BF 16 2F 16 
15:48:55:876-<<<<-接收-68 7A 00 83 04 00 00 00 00 09 17 00 00 00 00 00 01 BE BE BE BE BE F0 80 00 5D 00 68 5D 00 83 00 00 00 00 00 00 F0 80 03 00 00 00 00 00 00 00 00 00 00 00 00 39 00 00 00 00 00 00 00 2B 00 00 00 49 00 00 00 18 00 00 00 03 00 3F 00 00 00 12 00 00 00 0A 00 00 00 0F 00 00 00 0B 00 00 00 0E 00 00 00 0C 00 00 00 19 00 00 00 3F 00 00 00 35 00 00 00 0B 00 00 00 E5 16 D0 16 
15:48:55:981->>>>-发送-68 2F 00 C3 05 00 00 00 00 0A 01 BE BE BE BE BE 17 00 00 00 00 00 F0 80 00 12 00 68 12 00 43 01 00 00 00 00 00 F0 80 03 08 00 01 C0 16 32 16 
15:48:56:863-<<<<-接收-68 7A 00 83 04 00 00 00 00 0A 17 00 00 00 00 00 01 BE BE BE BE BE F0 80 00 5D 00 68 5D 00 83 00 00 00 00 00 00 F0 80 03 00 00 00 00 00 00 00 00 00 00 00 00 4B 00 00 00 00 00 00 00 2E 00 00 00 59 00 00 00 03 00 00 00 03 00 18 00 00 00 12 00 00 00 0D 00 00 00 0F 00 00 00 0E 00 00 00 0B 00 00 00 16 00 00 00 0B 00 00 00 0B 00 00 00 03 00 00 00 0E 00 00 00 6A 16 DB 16 
15:48:56:960->>>>-发送-68 2F 00 C3 05 00 00 00 00 0B 01 BE BE BE BE BE 17 00 00 00 00 00 F0 80 00 12 00 68 12 00 43 01 00 00 00 00 00 F0 80 03 09 00 01 C1 16 35 16 
15:48:58:062-<<<<-接收-68 7A 00 83 04 00 00 00 00 0B 17 00 00 00 00 00 01 BE BE BE BE BE F0 80 00 5D 00 68 5D 00 83 00 00 00 00 00 00 F0 80 03 00 00 00 00 00 00 00 00 00 00 00 00 29 00 00 00 00 00 00 00 27 00 00 00 69 00 00 00 1B 00 00 00 03 00 2E 00 00 00 12 00 00 00 0E 00 00 00 0A 00 00 00 0D 00 00 00 15 00 00 00 2E 00 00 00 10 00 00 00 24 00 00 00 1F 00 00 00 2A 00 00 00 F2 16 EC 16 
15:48:58:143->>>>-发送-68 2F 00 C3 05 00 00 00 00 0C 01 BE BE BE BE BE 17 00 00 00 00 00 F0 80 00 12 00 68 12 00 43 01 00 00 00 00 00 F0 80 03 0A 00 01 C2 16 38 16 
15:48:59:404-<<<<-接收-68 7A 00 83 04 00 00 00 00 0C 17 00 00 00 00 00 01 BE BE BE BE BE F0 80 00 5D 00 68 5D 00 83 00 00 00 00 00 00 F0 80 03 00 00 00 00 00 00 00 00 00 00 00 00 32 00 00 00 00 00 00 00 29 00 00 00 58 00 00 00 1D 00 00 00 03 00 37 00 00 00 14 00 00 00 0B 00 00 00 0F 00 00 00 0F 00 00 00 25 00 00 00 13 00 00 00 12 00 00 00 32 00 00 00 1F 00 00 00 1F 00 00 00 F7 16 F7 16 
15:48:59:549->>>>-发送-68 2F 00 C3 05 00 00 00 00 0D 01 BE BE BE BE BE 17 00 00 00 00 00 F0 80 00 12 00 68 12 00 43 01 00 00 00 00 00 F0 80 03 0B 00 01 C3 16 3B 16 
15:49:10:390->>>>-发送-68 2F 00 C3 05 00 00 00 00 0E 01 BE BE BE BE BE 17 00 00 00 00 00 F0 80 00 12 00 68 12 00 43 01 00 00 00 00 00 F0 80 03 0C 00 01 C4 16 3E 16 
15:49:11:650-<<<<-接收-68 7A 00 83 04 00 00 00 00 0E 17 00 00 00 00 00 01 BE BE BE BE BE F0 80 00 5D 00 68 5D 00 83 00 00 00 00 00 00 F0 80 03 00 00 00 00 00 00 00 00 00 00 00 00 20 00 00 00 00 00 00 00 16 00 00 00 47 00 00 00 0C 00 00 00 17 00 5D 00 00 00 0F 00 00 00 0A 00 00 00 5D 00 00 00 1A 00 00 00 0B 00 00 00 25 00 00 00 4B 00 00 00 34 00 00 00 1F 00 00 00 20 00 00 00 71 16 ED 16 
15:49:11:819->>>>-发送-68 2F 00 C3 05 00 00 00 00 0F 01 BE BE BE BE BE 17 00 00 00 00 00 F0 80 00 12 00 68 12 00 43 01 00 00 00 00 00 F0 80 03 0D 00 01 C5 16 41 16 
15:49:12:908-<<<<-接收-68 1D 00 83 04 00 00 00 00 0D 17 00 00 00 00 00 01 BE BE BE BE BE F0 80 00 00 00 D2 16 
15:49:12:999->>>>-发送-68 2F 00 C3 05 00 00 00 00 10 01 BE BE BE BE BE 17 00 00 00 00 00 F0 80 00 12 00 68 12 00 43 01 00 00 00 00 00 F0 80 03 0E 00 01 C6 16 44 16 
15:49:14:051-<<<<-接收-68 7A 00 83 04 00 00 00 00 10 17 00 00 00 00 00 01 BE BE BE BE BE F0 80 00 5D 00 68 5D 00 83 00 00 00 00 00 00 F0 80 03 00 00 00 00 00 00 00 00 00 00 00 00 1A 00 00 00 00 00 00 00 16 00 00 00 40 00 00 00 32 00 00 00 12 00 10 00 00 00 0C 00 00 00 05 00 00 00 10 00 00 00 10 00 00 00 07 00 00 00 05 00 00 00 27 00 00 00 09 00 00 00 05 00 00 00 0D 00 00 00 39 16 7F 16 
15:49:14:184->>>>-发送-68 2F 00 C3 05 00 00 00 00 11 01 BE BE BE BE BE 17 00 00 00 00 00 F0 80 00 12 00 68 12 00 43 01 00 00 00 00 00 F0 80 03 0F 00 01 C7 16 47 16 
15:49:15:332-<<<<-接收-68 7A 00 83 04 00 00 00 00 11 17 00 00 00 00 00 01 BE BE BE BE BE F0 80 00 5D 00 68 5D 00 83 00 00 00 00 00 00 F0 80 03 00 00 00 00 00 00 00 00 00 00 00 00 10 00 00 00 00 00 00 00 0E 00 00 00 3D 00 00 00 22 00 00 00 30 00 5A 00 00 00 10 00 00 00 21 00 00 00 5A 00 00 00 29 00 00 00 0C 00 00 00 09 00 00 00 03 00 00 00 00 00 00 00 00 00 00 00 00 00 00 00 C9 16 A0 16 
15:49:15:450->>>>-发送-68 2F 00 C3 05 00 00 00 00 12 01 BE BE BE BE BE 17 00 00 00 00 00 F0 80 00 12 00 68 12 00 43 01 00 00 00 00 00 F0 80 03 10 00 01 C8 16 4A 16 
15:49:17:084-<<<<-接收-68 7A 00 83 04 00 00 00 00 12 17 00 00 00 00 00 01 BE BE BE BE BE F0 80 00 5D 00 68 5D 00 83 00 00 00 00 00 00 F0 80 03 00 00 00 00 00 00 00 00 00 00 00 00 28 00 00 00 00 00 00 00 24 00 00 00 43 00 00 00 09 00 00 00 09 00 35 00 00 00 12 00 00 00 22 00 00 00 0C 00 00 00 21 00 00 00 0D 00 00 00 12 00 00 00 0B 00 00 00 14 00 00 00 0D 00 00 00 2E 00 00 00 A6 16 5B 16 
15:49:17:252->>>>-发送-68 2F 00 C3 05 00 00 00 00 13 01 BE BE BE BE BE 17 00 00 00 00 00 F0 80 00 12 00 68 12 00 43 01 00 00 00 00 00 F0 80 03 11 00 01 C9 16 4D 16 
15:49:19:056-<<<<-接收-68 7A 00 83 04 00 00 00 00 13 17 00 00 00 00 00 01 BE BE BE BE BE F0 80 00 5D 00 68 5D 00 83 00 00 00 00 00 00 F0 80 03 00 00 00 00 00 00 00 00 00 00 00 00 36 00 00 00 00 00 00 00 30 00 00 00 43 00 00 00 0A 00 00 00 1D 00 21 00 00 00 13 00 00 00 21 00 00 00 13 00 00 00 03 00 00 00 18 00 00 00 36 00 00 00 0C 00 00 00 11 00 00 00 0E 00 00 00 15 00 00 00 BF 16 8E 16 
15:49:19:153->>>>-发送-68 2F 00 C3 05 00 00 00 00 14 01 BE BE BE BE BE 17 00 00 00 00 00 F0 80 00 12 00 68 12 00 43 01 00 00 00 00 00 F0 80 03 12 00 01 CA 16 50 16 
15:49:20:857-<<<<-接收-68 7A 00 83 04 00 00 00 00 14 17 00 00 00 00 00 01 BE BE BE BE BE F0 80 00 5D 00 68 5D 00 83 00 00 00 00 00 00 F0 80 03 00 00 00 00 00 00 00 00 00 00 00 00 2B 00 00 00 00 00 00 00 24 00 00 00 57 00 00 00 08 00 00 00 1D 00 22 00 00 00 11 00 00 00 22 00 00 00 0C 00 00 00 12 00 00 00 03 00 00 00 49 00 00 00 20 00 00 00 21 00 00 00 13 00 00 00 1A 00 00 00 EE 16 ED 16 
15:49:20:949->>>>-发送-68 2F 00 C3 05 00 00 00 00 15 01 BE BE BE BE BE 17 00 00 00 00 00 F0 80 00 12 00 68 12 00 43 01 00 00 00 00 00 F0 80 03 13 00 01 CB 16 53 16 
15:49:23:523-<<<<-接收-68 7A 00 83 04 00 00 00 00 15 17 00 00 00 00 00 01 BE BE BE BE BE F0 80 00 5D 00 68 5D 00 83 00 00 00 00 00 00 F0 80 03 00 00 00 00 00 00 00 00 00 00 00 00 0A 00 00 00 00 00 00 00 03 00 00 00 0C 00 00 00 00 00 00 00 00 00 52 00 00 00 52 00 00 00 10 00 00 00 0A 00 00 00 1F 00 00 00 2A 00 00 00 0C 00 00 00 16 00 00 00 00 00 00 00 00 00 00 00 00 00 00 00 38 16 82 16 
15:49:23:742->>>>-发送-68 2F 00 C3 05 00 00 00 00 16 01 BE BE BE BE BE 17 00 00 00 00 00 F0 80 00 12 00 68 12 00 43 01 00 00 00 00 00 F0 80 03 14 00 01 CC 16 56 16 
15:49:25:992-<<<<-接收-68 7A 00 83 04 00 00 00 00 16 17 00 00 00 00 00 01 BE BE BE BE BE F0 80 00 5D 00 68 5D 00 83 00 00 00 00 00 00 F0 80 03 00 00 00 00 00 00 00 00 00 00 00 00 1D 00 00 00 00 00 00 00 14 00 00 00 26 00 00 00 0F 00 00 00 13 00 3F 00 00 00 09 00 00 00 0C 00 00 00 0C 00 00 00 0E 00 00 00 17 00 00 00 3F 00 00 00 09 00 00 00 06 00 00 00 0F 00 00 00 0B 00 00 00 5C 16 CB 16 
15:49:26:088->>>>-发送-68 2F 00 C3 05 00 00 00 00 17 01 BE BE BE BE BE 17 00 00 00 00 00 F0 80 00 12 00 68 12 00 43 01 00 00 00 00 00 F0 80 03 15 00 01 CD 16 59 16 
15:49:27:259-<<<<-接收-68 7A 00 83 04 00 00 00 00 17 17 00 00 00 00 00 01 BE BE BE BE BE F0 80 00 5D 00 68 5D 00 83 00 00 00 00 00 00 F0 80 03 00 00 00 00 00 00 00 00 00 00 00 00 0C 00 00 00 00 00 00 00 02 00 00 00 26 00 00 00 02 00 00 00 03 00 09 00 00 00 09 00 00 00 03 00 00 00 03 00 00 00 03 00 00 00 03 00 00 00 03 00 00 00 03 00 00 00 02 00 00 00 05 00 00 00 02 00 00 00 5C 16 CC 16 
15:49:27:493->>>>-发送-68 2F 00 C3 05 00 00 00 00 18 01 BE BE BE BE BE 17 00 00 00 00 00 F0 80 00 12 00 68 12 00 43 01 00 00 00 00 00 F0 80 03 16 00 01 CE 16 5C 16 
15:49:28:479-<<<<-接收-68 7A 00 83 04 00 00 00 00 18 17 00 00 00 00 00 01 BE BE BE BE BE F0 80 00 5D 00 68 5D 00 83 00 00 00 00 00 00 F0 80 03 00 00 00 00 00 00 00 00 00 00 00 00 0C 00 00 00 00 00 00 00 02 00 00 00 25 00 00 00 04 00 00 00 03 00 09 00 00 00 09 00 00 00 03 00 00 00 03 00 00 00 03 00 00 00 03 00 00 00 03 00 00 00 03 00 00 00 03 00 00 00 03 00 00 00 03 00 00 00 5D 16 CF 16 
15:49:28:585->>>>-发送-68 2F 00 C3 05 00 00 00 00 19 01 BE BE BE BE BE 17 00 00 00 00 00 F0 80 00 12 00 68 12 00 43 01 00 00 00 00 00 F0 80 03 17 00 01 CF 16 5F 16 
15:49:29:866-<<<<-接收-68 7A 00 83 04 00 00 00 00 19 17 00 00 00 00 00 01 BE BE BE BE BE F0 80 00 5D 00 68 5D 00 83 00 00 00 00 00 00 F0 80 03 00 00 00 00 00 00 00 00 00 00 00 00 14 00 00 00 00 00 00 00 0A 00 00 00 5A 00 00 00 0B 00 00 00 02 00 0C 00 00 00 0C 00 00 00 0C 00 00 00 03 00 00 00 04 00 00 00 08 00 00 00 02 00 00 00 04 00 00 00 0B 00 00 00 04 00 00 00 06 00 00 00 C9 16 A8 16 
15:49:30:013->>>>-发送-68 2F 00 C3 05 00 00 00 00 1A 01 BE BE BE BE BE 17 00 00 00 00 00 F0 80 00 12 00 68 12 00 43 01 00 00 00 00 00 F0 80 03 18 00 01 D0 16 62 16 
15:49:31:793-<<<<-接收-68 7A 00 83 04 00 00 00 00 1A 17 00 00 00 00 00 01 BE BE BE BE BE F0 80 00 5D 00 68 5D 00 83 00 00 00 00 00 00 F0 80 03 00 00 00 00 00 00 00 00 00 00 00 00 14 00 00 00 00 00 00 00 0B 00 00 00 42 00 00 00 10 00 00 00 02 00 08 00 00 00 02 00 00 00 03 00 00 00 08 00 00 00 03 00 00 00 06 00 00 00 0F 00 00 00 04 00 00 00 06 00 00 00 0B 00 00 00 05 00 00 00 B0 16 77 16 
15:49:31:883->>>>-发送-68 2F 00 C3 05 00 00 00 00 1B 01 BE BE BE BE BE 17 00 00 00 00 00 F0 80 00 12 00 68 12 00 43 01 00 00 00 00 00 F0 80 03 19 00 01 D1 16 65 16 
15:49:42:632->>>>-发送-68 2F 00 C3 05 00 00 00 00 1C 01 BE BE BE BE BE 17 00 00 00 00 00 F0 80 00 12 00 68 12 00 43 01 00 00 00 00 00 F0 80 03 1A 00 01 D2 16 68 16 
15:49:43:018-<<<<-接收-68 2D 00 83 04 00 00 00 00 1C 17 00 00 00 00 00 01 BE BE BE BE BE F0 80 00 10 00 68 10 00 83 00 00 00 00 00 00 00 02 00 0C 91 16 A1 16 
16:04:20:460->>>>-发送-68 0F 00 C3 01 00 00 00 00 00 F0 20 03 D7 16 
16:04:22:565-<<<<-接收-68 1E 00 C3 00 00 00 00 00 0F F0 04 03 02 17 00 00 00 00 00 01 0A 0B 0C 0D 0E 0F 01 2F 16 
16:04:23:904->>>>-发送-68 10 00 C3 01 00 00 00 00 01 F0 80 03 01 39 16 
16:04:23:980-<<<<-接收-68 15 00 83 00 00 00 00 06 01 00 01 00 00 00 00 00 00 00 8B 16 
16:04:31:350->>>>-发送-68 2C 00 C3 05 00 00 00 00 02 01 BE BE BE BE BE 17 00 00 00 00 00 F0 80 00 0F 00 68 0F 00 43 01 00 00 00 00 00 10 01 00 55 16 4E 16 
16:04:31:624-<<<<-接收-68 30 00 83 04 00 00 00 00 02 17 00 00 00 00 00 01 BE BE BE BE BE F0 80 00 13 00 68 13 00 83 00 00 00 00 00 00 10 01 00 1A 00 F8 07 AD 16 C5 16 
16:04:31:667->>>>-发送-68 2F 00 C3 05 00 00 00 00 03 01 BE BE BE BE BE 17 00 00 00 00 00 F0 80 00 12 00 68 12 00 43 01 00 00 00 00 00 F0 80 03 01 00 01 B9 16 1D 16 
16:04:31:941-<<<<-接收-68 2D 00 83 04 00 00 00 00 03 17 00 00 00 00 00 01 BE BE BE BE BE F0 80 00 10 00 68 10 00 83 00 20 00 00 00 00 00 02 00 0C B1 16 C8 16 
16:04:31:960->>>>-发送-68 2F 00 C3 05 00 00 00 00 04 01 BE BE BE BE BE 17 00 00 00 00 00 F0 80 00 12 00 68 12 00 43 01 00 00 00 00 00 F0 80 03 02 00 01 BA 16 20 16 
16:04:32:855-<<<<-接收-68 7A 00 83 04 00 00 00 00 04 17 00 00 00 00 00 01 BE BE BE BE BE F0 80 00 5D 00 68 5D 00 83 00 00 00 00 00 00 F0 80 03 00 00 00 00 00 00 00 00 00 00 00 00 26 00 00 00 00 00 00 00 15 00 00 00 46 00 00 00 0E 00 00 00 11 00 33 00 00 00 0F 00 00 00 2F 00 00 00 16 00 00 00 0F 00 00 00 16 00 00 00 33 00 00 00 1A 00 00 00 23 00 00 00 12 00 00 00 0F 00 00 00 D3 16 A7 16 
16:04:32:991->>>>-发送-68 2F 00 C3 05 00 00 00 00 05 01 BE BE BE BE BE 17 00 00 00 00 00 F0 80 00 12 00 68 12 00 43 01 00 00 00 00 00 F0 80 03 03 00 01 BB 16 23 16 
16:04:43:810->>>>-发送-68 2F 00 C3 05 00 00 00 00 06 01 BE BE BE BE BE 17 00 00 00 00 00 F0 80 00 12 00 68 12 00 43 01 00 00 00 00 00 F0 80 03 04 00 01 BC 16 26 16 
16:04:45:211-<<<<-接收-68 7A 00 83 04 00 00 00 00 06 17 00 00 00 00 00 01 BE BE BE BE BE F0 80 00 5D 00 68 5D 00 83 00 00 00 00 00 00 F0 80 03 00 00 00 00 00 00 00 00 00 00 00 00 38 00 00 00 00 00 00 00 22 00 00 00 56 00 00 00 0F 00 00 00 0D 00 3C 00 00 00 0B 00 00 00 1A 00 00 00 35 00 00 00 21 00 00 00 3C 00 00 00 0F 00 00 00 30 00 00 00 2F 00 00 00 0C 00 00 00 22 00 00 00 51 16 A5 16 
16:04:45:283->>>>-发送-68 2F 00 C3 05 00 00 00 00 07 01 BE BE BE BE BE 17 00 00 00 00 00 F0 80 00 12 00 68 12 00 43 01 00 00 00 00 00 F0 80 03 05 00 01 BD 16 29 16 
16:04:46:192-<<<<-接收-68 1D 00 83 04 00 00 00 00 05 17 00 00 00 00 00 01 BE BE BE BE BE F0 80 00 00 00 CA 16 
16:04:46:223->>>>-发送-68 2F 00 C3 05 00 00 00 00 08 01 BE BE BE BE BE 17 00 00 00 00 00 F0 80 00 12 00 68 12 00 43 01 00 00 00 00 00 F0 80 03 06 00 01 BE 16 2C 16 
16:04:48:787-<<<<-接收-68 7A 00 83 04 00 00 00 00 08 17 00 00 00 00 00 01 BE BE BE BE BE F0 80 00 5D 00 68 5D 00 83 00 00 00 00 00 00 F0 80 03 00 00 00 00 00 00 00 00 00 00 00 00 2F 00 00 00 00 00 00 00 1C 00 00 00 6D 00 00 00 0E 00 00 00 0C 00 50 00 00 00 0C 00 00 00 1B 00 00 00 35 00 00 00 0D 00 00 00 25 00 00 00 0B 00 00 00 50 00 00 00 35 00 00 00 19 00 00 00 30 00 00 00 7F 16 03 16 
16:04:48:872->>>>-发送-68 2F 00 C3 05 00 00 00 00 09 01 BE BE BE BE BE 17 00 00 00 00 00 F0 80 00 12 00 68 12 00 43 01 00 00 00 00 00 F0 80 03 07 00 01 BF 16 2F 16 
16:04:58:477-<<<<-接收-68 1D 00 83 04 00 00 00 00 07 17 00 00 00 00 00 01 BE BE BE BE BE F0 80 00 00 00 CC 16 
16:05:08:278->>>>-发送-68 2C 00 C3 05 00 00 00 00 0A 01 BE BE BE BE BE 17 00 00 00 00 00 F0 80 00 0F 00 68 0F 00 43 01 00 00 00 00 00 10 01 00 55 16 56 16 
16:05:08:503-<<<<-接收-68 30 00 83 04 00 00 00 00 0A 17 00 00 00 00 00 01 BE BE BE BE BE F0 80 00 13 00 68 13 00 83 00 00 00 00 00 00 10 01 00 1A 00 F8 07 AD 16 CD 16 
16:05:08:513->>>>-发送-68 2F 00 C3 05 00 00 00 00 0B 01 BE BE BE BE BE 17 00 00 00 00 00 F0 80 00 12 00 68 12 00 43 01 00 00 00 00 00 F0 01 13 01 00 01 4A 16 47 16 
16:05:08:799-<<<<-接收-68 2D 00 83 04 00 00 00 00 0B 17 00 00 00 00 00 01 BE BE BE BE BE F0 80 00 10 00 68 10 00 83 00 00 00 00 00 00 00 02 00 0C 91 16 90 16 
16:05:08:819->>>>-发送-68 2F 00 C3 05 00 00 00 00 0C 01 BE BE BE BE BE 17 00 00 00 00 00 F0 80 00 12 00 68 12 00 43 01 00 00 00 00 00 F0 01 13 02 00 01 4B 16 4A 16 
16:05:19:497->>>>-发送-68 2F 00 C3 05 00 00 00 00 0D 01 BE BE BE BE BE 17 00 00 00 00 00 F0 80 00 12 00 68 12 00 43 01 00 00 00 00 00 F0 01 13 03 00 01 4C 16 4D 16 
16:05:20:917-<<<<-接收-68 66 00 83 04 00 00 00 00 0D 17 00 00 00 00 00 01 BE BE BE BE BE F0 80 00 49 00 68 49 00 83 00 00 00 00 00 00 F0 01 13 1A 00 01 13 00 00 00 00 00 00 11 04 17 20 09 01 00 00 11 04 17 20 09 01 00 00 14 07 17 20 08 07 00 04 11 04 17 20 54 14 00 00 07 07 17 20 29 16 00 00 05 12 16 00 01 00 00 00 2C 16 3A 16 
16:05:20:996->>>>-发送-68 2F 00 C3 05 00 00 00 00 0E 01 BE BE BE BE BE 17 00 00 00 00 00 F0 80 00 12 00 68 12 00 43 01 00 00 00 00 00 F0 01 13 04 00 01 4D 16 50 16 
16:05:22:083-<<<<-接收-68 1D 00 83 04 00 00 00 00 0C 17 00 00 00 00 00 01 BE BE BE BE BE F0 80 00 00 00 D1 16 
16:05:22:106->>>>-发送-68 2F 00 C3 05 00 00 00 00 0F 01 BE BE BE BE BE 17 00 00 00 00 00 F0 80 00 12 00 68 12 00 43 01 00 00 00 00 00 F0 01 13 05 00 01 4E 16 53 16 
16:05:22:294-<<<<-接收-68 66 00 83 04 00 00 00 00 0E 17 00 00 00 00 00 01 BE BE BE BE BE F0 80 00 49 00 68 49 00 83 00 00 00 00 00 00 F0 01 13 1A 00 01 14 00 00 00 00 00 00 11 04 17 20 09 01 00 00 11 04 17 20 09 01 00 00 14 07 17 20 08 07 00 04 11 04 17 20 54 14 00 00 07 07 17 20 29 16 00 00 05 12 16 00 01 00 00 00 2D 16 3D 16 
16:05:22:428->>>>-发送-68 2F 00 C3 05 00 00 00 00 10 01 BE BE BE BE BE 17 00 00 00 00 00 F0 80 00 12 00 68 12 00 43 01 00 00 00 00 00 F0 01 13 06 00 01 4F 16 56 16 
16:05:23:301-<<<<-接收-68 66 00 83 04 00 00 00 00 10 17 00 00 00 00 00 01 BE BE BE BE BE F0 80 00 49 00 68 49 00 83 00 00 00 00 00 00 F0 01 13 1A 00 01 15 00 00 00 00 00 00 11 04 17 20 09 01 00 00 11 04 17 20 09 01 00 00 14 07 17 20 08 07 00 04 11 04 17 20 54 14 00 00 07 07 17 20 29 16 00 00 05 12 16 00 01 00 00 00 2E 16 41 16 
16:05:23:376->>>>-发送-68 2F 00 C3 05 00 00 00 00 11 01 BE BE BE BE BE 17 00 00 00 00 00 F0 80 00 12 00 68 12 00 43 01 00 00 00 00 00 F0 01 13 07 00 01 50 16 59 16 
16:05:24:681-<<<<-接收-68 66 00 83 04 00 00 00 00 11 17 00 00 00 00 00 01 BE BE BE BE BE F0 80 00 49 00 68 49 00 83 00 00 00 00 00 00 F0 01 13 1A 00 01 21 00 00 00 00 00 43 11 04 17 20 09 01 00 00 11 04 17 20 09 01 00 00 14 07 17 20 08 07 00 04 11 04 17 20 54 14 00 00 07 07 17 20 29 16 00 00 05 12 16 00 01 00 00 00 7D 16 E0 16 
16:05:24:764->>>>-发送-68 2F 00 C3 05 00 00 00 00 12 01 BE BE BE BE BE 17 00 00 00 00 00 F0 80 00 12 00 68 12 00 43 01 00 00 00 00 00 F0 01 13 08 00 01 51 16 5C 16 
16:05:35:335-<<<<-接收-68 1D 00 83 04 00 00 00 00 0F 17 00 00 00 00 00 01 BE BE BE BE BE F0 80 00 00 00 D4 16 
16:05:35:354->>>>-发送-68 2F 00 C3 05 00 00 00 00 13 01 BE BE BE BE BE 17 00 00 00 00 00 F0 80 00 12 00 68 12 00 43 01 00 00 00 00 00 F0 01 13 09 00 01 52 16 5F 16 
16:05:36:864-<<<<-接收-68 66 00 83 04 00 00 00 00 13 17 00 00 00 00 00 01 BE BE BE BE BE F0 80 00 49 00 68 49 00 83 00 00 00 00 00 00 F0 01 13 1A 00 01 23 00 00 00 00 00 43 11 04 17 20 09 01 00 00 11 04 17 20 09 01 00 00 14 07 17 20 08 07 00 04 11 04 17 20 54 14 00 00 07 07 17 20 29 16 00 00 05 12 16 00 01 00 00 00 7F 16 E6 16 
16:05:36:942->>>>-发送-68 2F 00 C3 05 00 00 00 00 14 01 BE BE BE BE BE 17 00 00 00 00 00 F0 80 00 12 00 68 12 00 43 01 00 00 00 00 00 F0 01 13 0A 00 01 53 16 62 16 
16:05:37:993-<<<<-接收-68 1D 00 83 04 00 00 00 00 12 17 00 00 00 00 00 01 BE BE BE BE BE F0 80 00 00 00 D7 16 
16:05:38:003->>>>-发送-68 2F 00 C3 05 00 00 00 00 15 01 BE BE BE BE BE 17 00 00 00 00 00 F0 80 00 12 00 68 12 00 43 01 00 00 00 00 00 F0 01 13 0B 00 01 54 16 65 16 
16:05:38:907-<<<<-接收-68 66 00 83 04 00 00 00 00 14 17 00 00 00 00 00 01 BE BE BE BE BE F0 80 00 49 00 68 49 00 83 00 00 00 00 00 00 F0 01 13 1A 00 01 24 00 00 00 00 00 43 11 04 17 20 09 01 00 00 11 04 17 20 09 01 00 00 14 07 17 20 08 07 00 04 11 04 17 20 54 14 00 00 07 07 17 20 29 16 00 00 05 12 16 00 01 00 00 00 80 16 E9 16 
16:05:39:135->>>>-发送-68 2F 00 C3 05 00 00 00 00 16 01 BE BE BE BE BE 17 00 00 00 00 00 F0 80 00 12 00 68 12 00 43 01 00 00 00 00 00 F0 01 13 0C 00 01 55 16 68 16 
16:05:41:166-<<<<-接收-68 66 00 83 04 00 00 00 00 16 17 00 00 00 00 00 01 BE BE BE BE BE F0 80 00 49 00 68 49 00 83 00 00 00 00 00 00 F0 01 13 1A 00 01 26 00 00 00 00 00 44 11 04 17 20 09 01 00 00 11 04 17 20 09 01 00 00 14 07 17 20 08 07 00 04 11 04 17 20 54 14 00 00 07 07 17 20 29 16 00 00 05 12 16 00 01 00 00 00 83 16 F1 16 
16:05:41:255->>>>-发送-68 2F 00 C3 05 00 00 00 00 17 01 BE BE BE BE BE 17 00 00 00 00 00 F0 80 00 12 00 68 12 00 43 01 00 00 00 00 00 F0 01 13 0D 00 01 56 16 6B 16 
16:05:51:197-<<<<-接收-68 1D 00 83 04 00 00 00 00 15 17 00 00 00 00 00 01 BE BE BE BE BE F0 80 00 00 00 DA 16 
16:05:51:222->>>>-发送-68 2F 00 C3 05 00 00 00 00 18 01 BE BE BE BE BE 17 00 00 00 00 00 F0 80 00 12 00 68 12 00 43 01 00 00 00 00 00 F0 01 13 0E 00 01 57 16 6E 16 
16:05:53:197-<<<<-接收-68 66 00 83 04 00 00 00 00 18 17 00 00 00 00 00 01 BE BE BE BE BE F0 80 00 49 00 68 49 00 83 00 00 00 00 FE 00 F0 01 13 1A 00 01 31 00 00 00 00 00 43 11 04 17 20 09 01 00 00 11 04 17 20 09 01 00 00 14 07 17 20 08 08 00 04 11 04 17 20 54 14 00 00 07 07 17 20 29 16 00 00 05 12 16 00 01 00 00 00 8C 16 05 16 
16:05:53:323->>>>-发送-68 2F 00 C3 05 00 00 00 00 19 01 BE BE BE BE BE 17 00 00 00 00 00 F0 80 00 12 00 68 12 00 43 01 00 00 00 00 00 F0 01 13 0F 00 01 58 16 71 16 
16:05:54:441-<<<<-接收-68 1D 00 83 04 00 00 00 00 17 17 00 00 00 00 00 01 BE BE BE BE BE F0 80 00 00 00 DC 16 
16:05:54:458->>>>-发送-68 2F 00 C3 05 00 00 00 00 1A 01 BE BE BE BE BE 17 00 00 00 00 00 F0 80 00 12 00 68 12 00 43 01 00 00 00 00 00 F0 01 13 10 00 01 59 16 74 16 
16:05:54:883-<<<<-接收-68 66 00 83 04 00 00 00 00 19 17 00 00 00 00 00 01 BE BE BE BE BE F0 80 00 49 00 68 49 00 83 00 00 00 00 00 00 F0 01 13 1A 00 01 32 00 00 00 00 00 43 11 04 17 20 09 01 00 00 11 04 17 20 09 01 00 00 14 07 17 20 08 07 00 04 11 04 17 20 54 14 00 00 07 07 17 20 29 16 00 00 05 12 16 00 01 00 00 00 8E 16 0A 16 
16:05:54:954->>>>-发送-68 2F 00 C3 05 00 00 00 00 1B 01 BE BE BE BE BE 17 00 00 00 00 00 F0 80 00 12 00 68 12 00 43 01 00 00 00 00 00 F0 01 13 11 00 01 5A 16 77 16 
16:05:56:793-<<<<-接收-68 66 00 83 04 00 00 00 00 1B 17 00 00 00 00 00 01 BE BE BE BE BE F0 80 00 49 00 68 49 00 83 00 00 00 00 00 00 F0 01 13 1A 00 01 33 00 00 00 00 00 43 11 04 17 20 09 01 00 00 11 04 17 20 09 01 00 00 14 07 17 20 08 08 00 04 11 04 17 20 54 14 00 00 07 07 17 20 29 16 00 00 05 12 16 00 01 00 00 00 90 16 10 16 
16:05:56:870->>>>-发送-68 2F 00 C3 05 00 00 00 00 1C 01 BE BE BE BE BE 17 00 00 00 00 00 F0 80 00 12 00 68 12 00 43 01 00 00 00 00 00 F0 01 13 12 00 01 5B 16 7A 16 
16:05:57:839-<<<<-接收-68 66 00 83 04 00 00 00 00 1C 17 00 00 00 00 00 01 BE BE BE BE BE F0 80 00 49 00 68 49 00 83 00 00 00 00 00 00 F0 01 13 1A 00 01 34 00 00 00 00 00 43 11 04 17 20 09 01 00 00 11 04 17 20 09 01 00 00 14 07 17 20 08 08 00 04 11 04 17 20 54 14 00 00 07 07 17 20 29 16 00 00 05 12 16 00 01 00 00 00 91 16 13 16 
16:05:57:925->>>>-发送-68 2F 00 C3 05 00 00 00 00 1D 01 BE BE BE BE BE 17 00 00 00 00 00 F0 80 00 12 00 68 12 00 43 01 00 00 00 00 00 F0 01 13 13 00 01 5C 16 7D 16 
16:05:59:247-<<<<-接收-68 66 00 83 04 00 00 00 00 1D 17 00 00 00 00 00 01 BE BE BE BE BE F0 80 00 49 00 68 49 00 83 00 00 00 00 00 00 F0 01 13 1A 00 01 35 00 00 00 00 00 43 11 04 17 20 09 01 00 00 11 04 17 20 09 01 00 00 14 07 17 20 08 08 00 04 11 04 17 20 54 14 00 00 07 07 17 20 29 16 00 00 05 12 16 00 01 00 00 00 92 16 16 16 
16:05:59:368->>>>-发送-68 2F 00 C3 05 00 00 00 00 1E 01 BE BE BE BE BE 17 00 00 00 00 00 F0 80 00 12 00 68 12 00 43 01 00 00 00 00 00 F0 01 13 14 00 01 5D 16 80 16 
16:06:07:686-<<<<-接收-68 1D 00 83 04 00 00 00 00 1A 17 00 00 00 00 00 01 BE BE BE BE BE F0 80 00 00 00 DF 16 
16:06:07:713->>>>-发送-68 2F 00 C3 05 00 00 00 00 1F 01 BE BE BE BE BE 17 00 00 00 00 00 F0 80 00 12 00 68 12 00 43 01 00 00 00 00 00 F0 01 13 15 00 01 5E 16 83 16 
16:06:08:419-<<<<-接收-68 66 00 83 04 00 00 00 00 1F 17 00 00 00 00 00 01 BE BE BE BE BE F0 80 00 49 00 68 49 00 83 00 00 00 00 00 00 F0 01 13 1A 00 01 41 00 00 00 00 00 42 07 07 17 20 00 02 00 00 07 07 17 20 00 02 00 00 14 07 17 20 08 07 00 04 07 07 17 20 50 15 00 00 07 07 17 20 29 16 00 00 05 12 16 00 01 00 00 00 74 16 DC 16 
16:06:08:494->>>>-发送-68 2F 00 C3 05 00 00 00 00 20 01 BE BE BE BE BE 17 00 00 00 00 00 F0 80 00 12 00 68 12 00 43 01 00 00 00 00 00 F0 01 13 16 00 01 5F 16 86 16 
16:06:09:219-<<<<-接收-68 66 00 83 04 00 00 00 00 20 17 00 00 00 00 00 01 BE BE BE BE BE F0 80 00 49 00 68 49 00 83 00 00 00 00 00 00 F0 01 13 1A 00 01 42 00 00 00 00 00 42 07 07 17 20 00 02 00 00 07 07 17 20 00 02 00 00 14 07 17 20 08 07 00 04 07 07 17 20 50 15 00 00 07 07 17 20 29 16 00 00 05 12 16 00 01 00 00 00 75 16 DF 16 
16:06:09:299->>>>-发送-68 2F 00 C3 05 00 00 00 00 21 01 BE BE BE BE BE 17 00 00 00 00 00 F0 80 00 12 00 68 12 00 43 01 00 00 00 00 00 F0 01 13 17 00 01 60 16 89 16 
16:06:09:946-<<<<-接收-68 66 00 83 04 00 00 00 00 21 17 00 00 00 00 00 01 BE BE BE BE BE F0 80 00 49 00 68 49 00 83 00 00 00 00 00 00 F0 01 13 1A 00 01 43 00 00 00 00 00 42 07 07 17 20 00 02 00 00 07 07 17 20 00 02 00 00 14 07 17 20 08 07 00 04 07 07 17 20 50 15 00 00 07 07 17 20 29 16 00 00 05 12 16 00 01 00 00 00 76 16 E2 16 
16:06:10:025->>>>-发送-68 2F 00 C3 05 00 00 00 00 22 01 BE BE BE BE BE 17 00 00 00 00 00 F0 80 00 12 00 68 12 00 43 01 00 00 00 00 00 F0 01 13 18 00 01 61 16 8C 16 
16:06:11:391-<<<<-接收-68 66 00 83 04 00 00 00 00 22 17 00 00 00 00 00 01 BE BE BE BE BE F0 80 00 49 00 68 49 00 83 00 00 00 00 00 00 F0 01 13 1A 00 01 44 00 00 00 00 00 62 07 07 17 20 00 02 00 00 07 07 17 20 00 02 00 00 14 07 17 20 08 08 00 04 07 07 17 20 50 15 00 00 07 07 17 20 29 16 00 00 05 12 16 00 01 00 00 00 98 16 27 16 
16:06:11:469->>>>-发送-68 2F 00 C3 05 00 00 00 00 23 01 BE BE BE BE BE 17 00 00 00 00 00 F0 80 00 12 00 68 12 00 43 01 00 00 00 00 00 F0 01 13 19 00 01 62 16 8F 16 
16:06:12:581-<<<<-接收-68 1D 00 83 04 00 00 00 00 1E 17 00 00 00 00 00 01 BE BE BE BE BE F0 80 00 00 00 E3 16 
16:06:12:595->>>>-发送-68 2F 00 C3 05 00 00 00 00 24 01 BE BE BE BE BE 17 00 00 00 00 00 F0 80 00 12 00 68 12 00 43 01 00 00 00 00 00 F0 01 13 1A 00 01 63 16 92 16 
16:06:12:904-<<<<-接收-68 2D 00 83 04 00 00 00 00 24 17 00 00 00 00 00 01 BE BE BE BE BE F0 80 00 10 00 68 10 00 83 00 00 00 00 A2 00 00 02 00 0C 33 16 ED 16 
16:07:48:752->>>>-发送-68 2C 00 C3 05 00 00 00 00 25 01 BE BE BE BE BE 17 00 00 00 00 00 F0 80 00 0F 00 68 0F 00 43 01 00 00 00 00 00 10 01 00 55 16 71 16 
16:07:49:047-<<<<-接收-68 30 00 83 04 00 00 00 00 25 17 00 00 00 00 00 01 BE BE BE BE BE F0 80 00 13 00 68 13 00 83 00 00 00 00 00 00 10 01 00 1A 00 F8 07 AD 16 E8 16 
16:07:49:097->>>>-发送-68 2F 00 C3 05 00 00 00 00 26 01 BE BE BE BE BE 17 00 00 00 00 00 F0 80 00 12 00 68 12 00 43 01 00 00 00 00 00 F0 01 13 01 00 01 4A 16 62 16 
16:07:59:881->>>>-发送-68 2F 00 C3 05 00 00 00 00 27 01 BE BE BE BE BE 17 00 00 00 00 00 F0 80 00 12 00 68 12 00 43 01 00 00 00 00 00 F0 01 13 02 00 01 4B 16 65 16 
16:08:02:387-<<<<-接收-68 1D 00 83 04 00 00 00 00 26 17 00 00 00 00 00 01 BE BE BE BE BE F0 80 00 00 00 EB 16 
16:08:02:427->>>>-发送-68 2F 00 C3 05 00 00 00 00 28 01 BE BE BE BE BE 17 00 00 00 00 00 F0 80 00 12 00 68 12 00 43 01 00 00 00 00 00 F0 01 13 03 00 01 4C 16 68 16 
16:08:13:077-<<<<-接收-68 1D 00 83 04 00 00 00 00 27 17 00 00 00 00 00 01 BE BE BE BE BE F0 80 00 00 00 EC 16 
16:08:13:105->>>>-发送-68 2F 00 C3 05 00 00 00 00 29 01 BE BE BE BE BE 17 00 00 00 00 00 F0 80 00 12 00 68 12 00 43 01 00 00 00 00 00 F0 01 13 04 00 01 4D 16 6B 16 
16:08:13:392-<<<<-接收-68 2D 00 83 04 00 00 00 00 29 17 00 00 00 00 00 01 BE BE BE BE BE F0 80 00 10 00 68 10 00 83 00 00 00 00 00 00 00 02 00 0C 91 16 AE 16 
16:08:13:407->>>>-发送-68 2F 00 C3 05 00 00 00 00 2A 01 BE BE BE BE BE 17 00 00 00 00 00 F0 80 00 12 00 68 12 00 43 01 00 00 00 00 00 F0 01 13 05 00 01 4E 16 6E 16 
16:08:13:736-<<<<-接收-68 2D 00 83 04 00 00 00 00 2A 17 00 00 00 00 00 01 BE BE BE BE BE F0 80 00 10 00 68 10 00 83 00 20 00 00 06 00 00 02 00 0C B7 16 FB 16 
16:08:13:749->>>>-发送-68 2F 00 C3 05 00 00 00 00 2B 01 BE BE BE BE BE 17 00 00 00 00 00 F0 80 00 12 00 68 12 00 43 01 00 00 00 00 00 F0 01 13 06 00 01 4F 16 71 16 
16:08:14:083-<<<<-接收-68 2D 00 83 04 00 00 00 00 2B 17 00 00 00 00 00 01 BE BE BE BE BE F0 80 00 10 00 68 10 00 83 00 20 00 00 06 00 00 02 00 0C B7 16 FC 16 
16:08:14:113->>>>-发送-68 2F 00 C3 05 00 00 00 00 2C 01 BE BE BE BE BE 17 00 00 00 00 00 F0 80 00 12 00 68 12 00 43 01 00 00 00 00 00 F0 01 13 07 00 01 50 16 74 16 
16:08:15:673-<<<<-接收-68 1D 00 83 04 00 00 00 00 28 17 00 00 00 00 00 01 BE BE BE BE BE F0 80 00 00 00 ED 16 
16:08:15:689->>>>-发送-68 2F 00 C3 05 00 00 00 00 2D 01 BE BE BE BE BE 17 00 00 00 00 00 F0 80 00 12 00 68 12 00 43 01 00 00 00 00 00 F0 01 13 08 00 01 51 16 77 16 
16:08:26:540->>>>-发送-68 2F 00 C3 05 00 00 00 00 2E 01 BE BE BE BE BE 17 00 00 00 00 00 F0 80 00 12 00 68 12 00 43 01 00 00 00 00 00 F0 01 13 09 00 01 52 16 7A 16 
16:08:27:312-<<<<-接收-68 66 00 83 04 00 00 00 00 2E 17 00 00 00 00 00 01 BE BE BE BE BE F0 80 00 49 00 68 49 00 83 00 00 00 00 00 00 F0 01 13 1A 00 01 23 00 00 00 00 00 63 11 04 17 20 09 01 00 00 11 04 17 20 09 01 00 00 14 07 17 20 08 07 00 04 11 04 17 20 54 14 00 00 07 07 17 20 29 16 00 00 05 12 16 00 01 00 00 00 9F 16 41 16 
16:08:27:396->>>>-发送-68 2F 00 C3 05 00 00 00 00 2F 01 BE BE BE BE BE 17 00 00 00 00 00 F0 80 00 12 00 68 12 00 43 01 00 00 00 00 00 F0 01 13 0A 00 01 53 16 7D 16 
16:08:28:473-<<<<-接收-68 66 00 83 04 00 00 00 00 2F 17 00 00 00 00 00 01 BE BE BE BE BE F0 80 00 49 00 68 49 00 83 00 00 00 00 00 00 F0 01 13 1A 00 01 24 00 00 00 00 00 43 11 04 17 20 09 01 00 00 11 04 17 20 09 01 00 00 14 07 17 20 08 07 00 04 11 04 17 20 54 14 00 00 07 07 17 20 29 16 00 00 05 12 16 00 01 00 00 00 80 16 04 16 
16:08:28:550->>>>-发送-68 2F 00 C3 05 00 00 00 00 30 01 BE BE BE BE BE 17 00 00 00 00 00 F0 80 00 12 00 68 12 00 43 01 00 00 00 00 00 F0 01 13 0B 00 01 54 16 80 16 
16:08:28:836-<<<<-接收-68 2D 00 83 04 00 00 00 00 30 17 00 00 00 00 00 01 BE BE BE BE BE F0 80 00 10 00 68 10 00 83 00 00 00 00 DE 00 00 02 00 0C 6F 16 71 16 
16:08:28:846->>>>-发送-68 2F 00 C3 05 00 00 00 00 31 01 BE BE BE BE BE 17 00 00 00 00 00 F0 80 00 12 00 68 12 00 43 01 00 00 00 00 00 F0 01 13 0C 00 01 55 16 83 16 
16:08:28:911-<<<<-接收-68 1D 00 83 04 00 00 00 00 2D 17 00 00 00 00 00 01 BE BE BE BE BE F0 80 00 00 00 F2 16 
16:08:28:924->>>>-发送-68 2F 00 C3 05 00 00 00 00 32 01 BE BE BE BE BE 17 00 00 00 00 00 F0 80 00 12 00 68 12 00 43 01 00 00 00 00 00 F0 01 13 0D 00 01 56 16 86 16 
16:08:29:751-<<<<-接收-68 66 00 83 04 00 00 00 00 32 17 00 00 00 00 00 01 BE BE BE BE BE F0 80 00 49 00 68 49 00 83 00 00 00 00 00 00 F0 01 13 1A 00 01 26 00 00 00 00 00 63 11 04 17 20 09 01 00 00 11 04 17 20 09 01 00 00 14 07 17 20 08 07 00 04 11 04 17 20 54 14 00 00 07 07 17 20 29 16 00 00 05 12 16 00 01 00 00 00 A2 16 4B 16 
16:08:29:825->>>>-发送-68 2F 00 C3 05 00 00 00 00 33 01 BE BE BE BE BE 17 00 00 00 00 00 F0 80 00 12 00 68 12 00 43 01 00 00 00 00 00 F0 01 13 0E 00 01 57 16 89 16 
16:08:31:110-<<<<-接收-68 66 00 83 04 00 00 00 00 33 17 00 00 00 00 00 01 BE BE BE BE BE F0 80 00 49 00 68 49 00 83 00 00 00 00 00 00 F0 01 13 1A 00 01 31 00 00 00 00 00 43 11 04 17 20 09 01 00 00 11 04 17 20 09 01 00 00 14 07 17 20 08 08 00 04 11 04 17 20 54 14 00 00 07 07 17 20 29 16 00 00 05 12 16 00 01 00 00 00 8E 16 24 16 
16:08:31:185->>>>-发送-68 2F 00 C3 05 00 00 00 00 34 01 BE BE BE BE BE 17 00 00 00 00 00 F0 80 00 12 00 68 12 00 43 01 00 00 00 00 00 F0 01 13 0F 00 01 58 16 8C 16 
16:08:33:025-<<<<-接收-68 66 00 83 04 00 00 00 00 34 17 00 00 00 00 00 01 BE BE BE BE BE F0 80 00 49 00 68 49 00 83 00 00 00 00 00 00 F0 01 13 1A 00 01 32 00 00 00 00 00 43 11 04 17 20 09 01 00 00 11 04 17 20 09 01 00 00 14 07 17 20 08 07 00 04 11 04 17 20 54 14 00 00 07 07 17 20 29 16 00 00 05 12 16 00 01 00 00 00 8E 16 25 16 
16:08:33:101->>>>-发送-68 2F 00 C3 05 00 00 00 00 35 01 BE BE BE BE BE 17 00 00 00 00 00 F0 80 00 12 00 68 12 00 43 01 00 00 00 00 00 F0 01 13 10 00 01 59 16 8F 16 
16:08:34:965-<<<<-接收-68 66 00 83 04 00 00 00 00 35 17 00 00 00 00 00 01 BE BE BE BE BE F0 80 00 49 00 68 49 00 83 00 00 00 00 00 00 F0 01 13 1A 00 01 33 00 00 00 00 00 43 11 04 17 20 09 01 00 00 11 04 17 20 09 01 00 00 14 07 17 20 08 08 00 04 11 04 17 20 54 14 00 00 07 07 17 20 29 16 00 00 05 12 16 00 01 00 00 00 90 16 2A 16 
16:08:35:043->>>>-发送-68 2F 00 C3 05 00 00 00 00 36 01 BE BE BE BE BE 17 00 00 00 00 00 F0 80 00 12 00 68 12 00 43 01 00 00 00 00 00 F0 01 13 11 00 01 5A 16 92 16 
16:08:36:684-<<<<-接收-68 66 00 83 04 00 00 00 00 36 17 00 00 00 00 00 01 BE BE BE BE BE F0 80 00 49 00 68 49 00 83 00 00 00 00 00 00 F0 01 13 1A 00 01 34 00 00 00 00 00 43 11 04 17 20 09 01 00 00 11 04 17 20 09 01 00 00 14 07 17 20 08 08 00 04 11 04 17 20 54 14 00 00 07 07 17 20 29 16 00 00 05 12 16 00 01 00 00 00 91 16 2D 16 
16:08:36:828->>>>-发送-68 2F 00 C3 05 00 00 00 00 37 01 BE BE BE BE BE 17 00 00 00 00 00 F0 80 00 12 00 68 12 00 43 01 00 00 00 00 00 F0 01 13 12 00 01 5B 16 95 16 
16:08:42:105-<<<<-接收-68 1D 00 83 04 00 00 00 00 31 17 00 00 00 00 00 01 BE BE BE BE BE F0 80 00 00 00 F6 16 
16:08:42:130->>>>-发送-68 2F 00 C3 05 00 00 00 00 38 01 BE BE BE BE BE 17 00 00 00 00 00 F0 80 00 12 00 68 12 00 43 01 00 00 00 00 00 F0 01 13 13 00 01 5C 16 98 16 
16:08:43:624-<<<<-接收-68 66 00 83 04 00 00 00 00 38 17 00 00 00 00 00 01 BE BE BE BE BE F0 80 00 49 00 68 49 00 83 00 00 00 00 00 00 F0 01 13 1A 00 01 36 00 00 00 00 00 44 11 04 17 20 09 01 00 00 11 04 17 20 09 01 00 00 14 07 17 20 08 08 00 04 11 04 17 20 54 14 00 00 07 07 17 20 29 16 00 00 05 12 16 00 01 00 00 00 94 16 35 16 
16:08:43:701->>>>-发送-68 2F 00 C3 05 00 00 00 00 39 01 BE BE BE BE BE 17 00 00 00 00 00 F0 80 00 12 00 68 12 00 43 01 00 00 00 00 00 F0 01 13 14 00 01 5D 16 9B 16 
16:08:44:721-<<<<-接收-68 66 00 83 04 00 00 00 00 39 17 00 00 00 00 00 01 BE BE BE BE BE F0 80 00 49 00 68 49 00 83 00 00 00 00 00 00 F0 01 13 1A 00 01 37 00 00 00 00 00 43 11 04 17 20 09 01 00 00 11 04 17 20 09 01 00 00 14 07 17 20 08 08 00 04 11 04 17 20 54 14 00 00 07 07 17 20 29 16 00 00 05 12 16 00 01 00 00 00 94 16 36 16 
16:08:44:846->>>>-发送-68 2F 00 C3 05 00 00 00 00 3A 01 BE BE BE BE BE 17 00 00 00 00 00 F0 80 00 12 00 68 12 00 43 01 00 00 00 00 00 F0 01 13 15 00 01 5E 16 9E 16 
16:08:45:634-<<<<-接收-68 66 00 83 04 00 00 00 00 3A 17 00 00 00 00 00 01 BE BE BE BE BE F0 80 00 49 00 68 49 00 83 00 00 00 00 00 00 F0 01 13 1A 00 01 41 00 00 00 00 00 42 07 07 17 20 00 02 00 00 07 07 17 20 00 02 00 00 14 07 17 20 08 07 00 04 07 07 17 20 50 15 00 00 07 07 17 20 29 16 00 00 05 12 16 00 01 00 00 00 74 16 F7 16 
16:08:45:729->>>>-发送-68 2F 00 C3 05 00 00 00 00 3B 01 BE BE BE BE BE 17 00 00 00 00 00 F0 80 00 12 00 68 12 00 43 01 00 00 00 00 00 F0 01 13 16 00 01 5F 16 A1 16 
16:08:46:679-<<<<-接收-68 66 00 83 04 00 00 00 00 3B 17 00 00 00 00 00 01 BE BE BE BE BE F0 80 00 49 00 68 49 00 83 00 00 00 00 00 00 F0 01 13 1A 00 01 42 00 00 00 00 00 42 07 07 17 20 00 02 00 00 07 07 17 20 00 02 00 00 14 07 17 20 08 07 00 04 07 07 17 20 50 15 00 00 07 07 17 20 29 16 00 00 05 12 16 00 01 00 00 00 75 16 FA 16 
16:08:46:793->>>>-发送-68 2F 00 C3 05 00 00 00 00 3C 01 BE BE BE BE BE 17 00 00 00 00 00 F0 80 00 12 00 68 12 00 43 01 00 00 00 00 00 F0 01 13 17 00 01 60 16 A4 16 
16:08:47:644-<<<<-接收-68 66 00 83 04 00 00 00 00 3C 17 00 00 00 00 00 01 BE BE BE BE BE F0 80 00 49 00 68 49 00 83 00 00 00 00 00 00 F0 01 13 1A 00 01 43 00 00 00 00 00 42 07 07 17 20 00 02 00 00 07 07 17 20 00 02 00 00 14 07 17 20 08 07 00 04 07 07 17 20 50 15 00 00 07 07 17 20 29 16 00 00 05 12 16 00 01 00 00 00 76 16 FD 16 
16:08:47:726->>>>-发送-68 2F 00 C3 05 00 00 00 00 3D 01 BE BE BE BE BE 17 00 00 00 00 00 F0 80 00 12 00 68 12 00 43 01 00 00 00 00 00 F0 01 13 18 00 01 61 16 A7 16 
16:08:48:893-<<<<-接收-68 66 00 83 04 00 00 00 00 3D 17 00 00 00 00 00 01 BE BE BE BE BE F0 80 00 49 00 68 49 00 83 00 00 00 00 00 00 F0 01 13 1A 00 01 44 00 00 00 00 00 62 07 07 17 20 00 02 00 00 07 07 17 20 00 02 00 00 14 07 17 20 08 08 00 04 07 07 17 20 50 15 00 00 07 07 17 20 29 16 00 00 05 12 16 00 01 00 00 00 98 16 42 16 
16:08:48:974->>>>-发送-68 2F 00 C3 05 00 00 00 00 3E 01 BE BE BE BE BE 17 00 00 00 00 00 F0 80 00 12 00 68 12 00 43 01 00 00 00 00 00 F0 01 13 19 00 01 62 16 AA 16 
16:08:50:027-<<<<-接收-68 1D 00 83 04 00 00 00 00 37 17 00 00 00 00 00 01 BE BE BE BE BE F0 80 00 00 00 FC 16 
16:08:50:040->>>>-发送-68 2F 00 C3 05 00 00 00 00 3F 01 BE BE BE BE BE 17 00 00 00 00 00 F0 80 00 12 00 68 12 00 43 01 00 00 00 00 00 F0 01 13 1A 00 01 63 16 AD 16 
16:08:50:651-<<<<-接收-68 66 00 83 04 00 00 00 00 3E 17 00 00 00 00 00 01 BE BE BE BE BE F0 80 00 49 00 68 49 00 83 00 00 00 00 00 00 F0 01 13 1A 00 01 45 00 00 00 00 00 43 07 07 17 20 00 02 00 00 07 07 17 20 00 02 00 00 14 07 17 20 08 08 00 04 07 07 17 20 50 15 00 00 07 07 17 20 29 16 00 00 05 12 16 00 01 00 00 00 7A 16 07 16 
