20:02:11:986->>>>-发送-68 0F 00 43 01 00 00 00 00 00 01 01 00 46 16 
20:02:29:127->>>>-发送-68 0F 00 43 01 00 00 00 00 00 01 02 00 47 16 
20:03:26:537->>>>-发送-68 0F 00 43 01 00 00 00 00 00 01 01 00 46 16 
20:03:37:413->>>>-发送-68 0F 00 43 01 00 00 00 00 00 01 02 00 47 16 
20:03:48:293->>>>-发送-68 0F 00 43 01 00 00 00 00 00 01 04 00 49 16 
20:06:11:582->>>>-发送-68 20 00 43 01 00 00 00 00 00 02 01 00 02 00 00 0D FE 68 AA AA AA AA AA AA 68 13 00 DF 16 28 16 
21:05:09:052->>>>-发送-68 0F 00 43 01 00 00 00 00 00 01 01 00 46 16 
21:10:23:194->>>>-发送-68 0F 00 43 01 00 00 00 00 00 01 01 00 46 16 
21:10:23:312-<<<<-接收-68 15 00 83 00 00 00 00 00 00 00 01 00 00 00 00 00 00 00 84 16 
21:10:56:668->>>>-发送-68 0F 00 43 01 00 00 00 00 00 01 04 00 49 16 
21:10:56:764-<<<<-接收-68 15 00 83 00 00 00 00 00 00 00 01 00 00 00 00 00 00 00 84 16 
