09:55:02:519->>>>-发送-68 00 00 07 00 16 
09:55:27:500->>>>-发送-68 00 00 0C 00 16 
10:03:53:269->>>>-发送-68 00 00 07 00 16 
10:03:54:229-<<<<-接收-68 00 1C 87 01 01 00 02 01 00 00 00 55 00 00 00 00 66 0A 01 02 00 01 00 22 33 33 33 33 12 0B 02 DB 16 
10:10:18:798->>>>-发送-68 00 00 07 00 16 
10:10:22:202-<<<<-接收-68 00 1C 87 01 01 00 02 01 00 00 00 55 00 00 00 00 66 0A 01 02 00 01 00 22 33 33 33 33 12 0B 02 DB 16 
10:10:35:215->>>>-发送-68 00 00 07 00 16 
10:10:40:246-<<<<-接收-68 00 1C 87 01 01 00 02 01 00 00 00 55 00 00 00 00 66 0A 01 02 00 01 00 22 33 33 33 33 12 0B 02 DB 16 
10:11:57:611->>>>-发送-68 00 00 07 00 16 
10:12:00:179-<<<<-接收-68 00 28 87 01 01 00 02 01 00 00 00 55 00 00 00 00 66 0A 01 02 00 01 00 22 33 33 33 33 12 0B 02 03 00 01 00 22 44 44 44 44 12 0B 02 30 16 
10:33:32:108->>>>-发送-68 00 00 07 00 16 
10:33:33:423-<<<<-接收-68 00 28 87 01 01 00 02 01 00 00 00 55 00 00 00 00 66 0A 01 02 00 01 00 22 33 33 33 33 12 0B 02 03 00 01 00 22 44 44 44 44 12 0B 02 30 16 
10:38:33:035->>>>-发送-68 00 00 07 00 16 
10:38:33:745-<<<<-接收-68 00 28 87 01 01 00 02 01 00 00 00 55 00 00 00 00 66 0A 01 02 00 01 00 22 33 33 33 33 12 0B 02 03 00 01 00 22 44 44 44 44 12 0B 02 30 16 
10:38:41:971->>>>-发送-68 00 00 07 00 16 
10:38:43:230-<<<<-接收-68 00 28 87 01 01 00 02 01 00 00 00 55 00 00 00 00 66 0A 01 02 00 01 00 22 33 33 33 33 12 0B 02 03 00 01 00 22 44 44 44 44 12 0B 02 30 16 
10:52:30:294->>>>-发送-68 00 00 07 00 16 
10:52:31:101-<<<<-接收-68 00 28 87 01 01 00 02 01 00 00 00 55 00 00 00 00 66 0A 01 02 00 01 00 22 33 33 33 33 12 0B 02 03 00 01 00 22 44 44 44 44 12 0B 02 30 16 
11:00:51:400->>>>-发送-68 00 00 07 00 16 
11:00:53:522-<<<<-接收-68 00 28 87 01 01 00 02 01 00 00 00 55 00 00 00 00 66 0A 01 02 00 01 00 22 33 33 33 33 12 0B 02 03 00 01 00 22 44 44 44 44 12 0B 02 30 16 
11:06:04:322->>>>-发送-68 00 00 07 00 16 
11:06:06:002-<<<<-接收-68 00 28 87 01 00 00 03 01 00 00 00 55 00 00 00 00 66 0A 01 02 00 01 00 22 33 33 33 33 12 0B 02 03 00 01 00 22 44 44 44 44 12 0B 02 30 16 
11:06:11:844-<<<<-接收-68 00 28 87 01 00 00 03 01 00 00 00 55 00 00 00 00 66 0A 01 02 00 01 00 22 33 33 33 33 12 0B 02 03 00 01 00 22 44 44 44 44 12 0B 02 30 16 
11:08:41:292->>>>-发送-68 00 00 07 00 16 
11:08:42:781-<<<<-接收-68 00 28 87 01 00 00 02 01 00 00 00 55 00 00 00 00 66 0A 01 02 00 01 00 22 33 33 33 33 12 0B 02 7B 16 
11:09:08:720->>>>-发送-68 00 00 07 00 16 
11:09:09:888-<<<<-接收-68 00 28 87 01 00 00 02 01 00 00 00 55 00 00 00 00 66 0A 01 02 00 01 00 22 33 33 33 33 12 0B 02 7B 16 
11:09:44:624->>>>-发送-68 00 00 07 00 16 
11:09:45:578-<<<<-接收-68 00 28 87 01 00 00 02 01 00 00 00 55 00 00 00 00 66 0A 01 02 00 01 00 22 33 33 33 33 12 0B 02 7B 16 
11:10:55:177->>>>-发送-68 00 00 07 00 16 
11:10:56:717-<<<<-接收-68 00 1C 87 01 00 00 02 01 00 00 00 55 00 00 00 00 66 0A 01 02 00 01 00 22 33 33 33 33 12 0B 02 DA 16 
11:10:58:715-<<<<-接收-68 00 28 87 01 01 00 03 03 00 00 00 55 00 00 00 00 66 0A 01 04 00 01 00 22 33 33 33 33 12 0B 02 05 00 01 00 22 55 55 55 55 12 0B 02 7B 16 
11:11:28:788->>>>-发送-68 00 00 07 00 16 
11:11:29:709-<<<<-接收-68 00 1C 87 01 00 00 02 01 00 00 00 55 00 00 00 00 66 0A 01 02 00 01 00 22 33 33 33 33 12 0B 02 DA 16 
11:11:31:689-<<<<-接收-68 00 28 87 01 01 00 03 03 00 00 00 55 00 00 00 00 66 0A 01 04 00 01 00 22 33 33 33 33 12 0B 02 05 00 01 00 22 55 55 55 55 12 0B 02 7B 16 
11:16:00:769->>>>-发送-68 00 00 07 00 16 
11:16:01:722-<<<<-接收-68 00 1C 87 01 00 00 02 01 00 00 00 55 00 00 00 00 66 0A 01 02 00 01 00 22 33 33 33 33 12 0B 02 DA 16 
11:16:03:748-<<<<-接收-68 00 28 87 01 01 00 03 03 00 00 00 55 00 00 00 00 66 0A 01 04 00 01 00 22 33 33 33 33 12 0B 02 05 00 01 00 22 55 55 55 55 12 0B 02 7B 16 
11:33:53:158->>>>-发送-68 00 00 07 00 16 
11:33:54:179-<<<<-接收-68 00 1C 87 01 00 00 02 01 00 00 00 55 00 00 00 00 66 0A 01 02 00 01 00 22 33 33 33 33 12 0B 02 DA 16 
11:33:56:196-<<<<-接收-68 00 28 87 01 01 00 03 03 00 00 00 55 00 00 00 00 66 0A 01 04 00 01 00 22 33 33 33 33 12 0B 02 05 00 01 00 22 55 55 55 55 12 0B 02 7B 16 
11:34:37:000->>>>-发送-68 00 00 07 00 16 
11:34:37:790-<<<<-接收-68 00 1C 87 01 00 00 02 01 00 00 00 55 00 00 00 00 66 0A 01 02 00 01 00 22 33 33 33 33 12 0B 02 DA 16 
11:34:39:809-<<<<-接收-68 00 28 87 01 01 00 03 03 00 00 00 55 11 00 00 00 66 0A 01 04 00 01 00 22 44 33 33 33 12 0B 02 05 00 01 00 22 55 55 55 55 12 0B 02 9D 16 
11:35:49:685->>>>-发送-68 00 00 07 00 16 
11:35:50:655-<<<<-接收-68 00 1C 87 01 00 00 02 01 00 00 00 55 00 00 00 00 66 0A 01 02 00 01 00 22 33 33 33 33 12 0B 02 DA 16 
11:35:52:641-<<<<-接收-68 00 28 87 01 01 00 03 01 00 00 00 55 11 00 00 00 66 0A 01 04 00 01 00 22 44 33 33 33 12 0B 02 05 00 01 00 22 55 55 55 55 12 0B 02 9B 16 
11:38:30:781->>>>-发送-68 00 00 07 00 16 
11:38:31:754-<<<<-接收-68 00 1C 87 01 00 00 02 01 00 00 00 55 00 00 00 00 66 0A 01 02 00 01 00 22 33 33 33 33 12 0B 02 DA 16 
11:38:33:758-<<<<-接收-68 00 28 87 01 01 00 03 03 00 01 00 55 11 00 00 00 66 0A 01 04 00 01 00 22 44 33 33 33 12 0B 02 05 00 01 00 22 55 55 55 55 12 0B 02 9E 16 
11:40:17:060->>>>-发送-68 00 00 07 00 16 
11:40:18:425-<<<<-接收-68 00 1C 87 01 00 00 02 01 00 00 00 55 00 00 00 00 66 0A 01 02 00 01 00 22 33 33 33 33 12 0B 02 DA 16 
11:40:20:444-<<<<-接收-68 00 28 87 01 01 00 03 03 00 01 00 55 11 00 00 00 66 0B 02 04 00 01 00 22 44 33 33 33 12 0B 02 05 00 01 00 22 55 55 55 55 12 0B 02 A0 16 
11:41:03:554->>>>-发送-68 00 00 07 00 16 
11:41:04:474-<<<<-接收-68 00 1C 87 01 00 00 02 01 00 00 00 55 00 00 00 00 66 0A 01 02 00 01 00 22 33 33 33 33 12 0B 02 DA 16 
11:41:06:460-<<<<-接收-68 00 28 87 01 01 00 03 03 00 01 00 55 11 00 00 00 66 0B 02 04 00 01 00 22 44 33 33 33 12 0B 02 05 00 01 00 22 55 55 55 55 12 0B 02 A0 16 
11:46:52:307->>>>-发送-68 00 00 07 00 16 
11:46:54:210-<<<<-接收-68 00 1C 87 01 00 00 02 01 00 00 00 55 00 00 00 00 66 0A 01 02 00 01 00 22 33 33 33 33 12 0B 02 DA 16 
11:46:56:234-<<<<-接收-68 00 28 87 01 01 00 03 03 00 01 00 55 11 00 00 00 66 0B 02 04 00 01 00 22 44 33 33 33 12 0B 02 05 00 01 00 22 55 55 55 55 12 0B 02 A0 16 
11:48:29:388->>>>-发送-68 00 00 07 00 16 
11:48:31:569-<<<<-接收-68 00 1C 87 01 00 00 02 01 00 00 00 55 00 00 00 00 66 0A 01 02 00 01 00 22 33 33 33 33 12 0B 02 DA 16 
11:48:33:552-<<<<-接收-68 00 28 87 01 01 00 03 03 00 01 00 55 11 00 00 00 66 0B 02 04 00 01 00 22 44 33 33 33 12 0B 02 05 00 01 00 22 55 55 55 55 12 0B 02 A0 16 
12:09:08:338->>>>-发送-68 00 00 07 00 16 
12:09:10:209-<<<<-接收-68 00 1C 87 01 01 00 02 01 00 00 00 55 00 00 00 00 66 0A 01 02 00 01 00 22 22 22 22 22 12 0B 02 97 16 
12:09:37:568->>>>-发送-68 00 00 07 00 16 
12:09:39:296-<<<<-接收-68 00 1C 87 01 00 00 02 01 00 00 00 55 00 00 00 00 66 0A 01 02 00 01 00 22 22 22 22 22 12 0B 02 96 16 
12:09:41:315-<<<<-接收-68 00 28 87 01 01 00 03 03 00 01 00 55 33 33 33 33 66 0A 02 04 00 01 00 22 44 44 44 44 12 0B 02 05 00 01 00 22 55 55 55 55 12 0B 02 96 16 
12:10:17:678->>>>-发送-68 00 00 07 00 16 
12:10:19:514-<<<<-接收-68 00 1C 87 01 00 00 02 01 00 00 00 55 00 00 00 00 66 0A 01 02 00 01 00 22 22 22 22 22 12 0B 02 96 16 
12:10:21:537-<<<<-接收-68 00 28 87 01 01 00 03 03 00 01 00 55 33 33 33 33 66 0A 02 04 00 01 00 22 44 44 44 44 12 0B 02 05 00 01 00 22 55 55 55 55 12 0B 02 96 16 
12:10:43:485->>>>-发送-68 00 00 07 00 16 
12:10:45:415-<<<<-接收-68 00 1C 87 01 00 00 02 01 00 00 00 55 00 00 00 00 66 0A 01 02 00 01 00 22 22 22 22 22 12 0B 02 96 16 
12:10:47:433-<<<<-接收-68 00 28 87 02 01 00 03 03 00 01 00 55 33 33 33 33 66 0A 02 04 00 01 00 22 44 44 44 44 12 0B 02 05 00 01 00 22 55 55 55 55 12 0B 02 96 16 
12:11:30:122->>>>-发送-68 00 00 07 00 16 
12:11:31:646-<<<<-接收-68 00 1C 87 01 00 00 02 01 00 00 00 55 00 00 00 00 66 0A 01 02 00 01 00 22 22 22 22 22 12 0B 02 96 16 
12:11:33:658-<<<<-接收-68 00 28 87 02 01 00 03 03 00 01 00 55 33 33 33 33 66 0A 02 04 00 01 00 22 44 44 44 44 12 0B 02 05 00 01 00 22 55 55 55 55 12 0B 02 8E 16 
12:17:10:047->>>>-发送-68 00 00 07 00 16 
12:17:11:856-<<<<-接收-68 00 1C 87 01 00 00 02 01 00 00 00 55 00 00 00 00 66 04 01 02 00 01 00 22 22 22 22 22 12 06 02 8B 16 
12:17:13:881-<<<<-接收-68 00 28 87 02 01 00 03 03 00 01 00 55 33 33 33 33 66 06 02 04 00 01 00 22 44 44 44 44 12 06 02 05 00 01 00 22 55 55 55 55 12 06 02 80 16 
12:17:37:114->>>>-发送-68 00 00 07 00 16 
12:17:39:134-<<<<-接收-68 00 1C 87 01 00 00 02 01 00 00 00 55 00 00 00 00 66 04 01 02 00 01 00 22 22 22 22 22 12 06 02 8B 16 
12:17:41:121-<<<<-接收-68 00 28 87 02 01 00 03 03 00 01 00 55 33 33 33 33 66 06 02 04 00 01 00 22 44 44 44 44 12 06 02 05 00 01 00 22 55 55 55 55 12 06 02 80 16 
16:19:09:643->>>>-发送-68 00 00 07 00 16 
16:19:11:669-<<<<-接收-68 00 1C 87 01 00 00 02 01 00 00 00 55 00 00 00 00 66 04 01 02 00 01 00 22 22 22 22 22 12 06 02 8B 16 
16:19:13:661-<<<<-接收-68 00 28 87 02 00 00 03 03 00 01 00 55 33 33 33 33 66 06 02 04 00 01 00 22 44 44 44 44 12 06 02 05 00 01 00 22 55 55 55 55 12 06 02 7F 16 
16:19:15:661-<<<<-接收-68 00 10 87 04 01 00 01 06 00 04 00 55 66 66 66 66 66 06 03 6C 16 
16:21:40:714->>>>-发送-68 00 00 07 00 16 
16:21:42:579-<<<<-接收-68 00 1C 87 01 00 00 02 01 00 00 00 55 00 00 00 00 66 02 01 02 00 01 00 22 22 22 22 22 12 04 02 87 16 
16:21:44:600-<<<<-接收-68 00 28 87 02 00 00 03 03 00 01 00 55 33 33 33 33 66 04 02 04 00 01 00 22 44 44 44 44 12 04 02 05 00 01 00 22 55 55 55 55 12 04 02 79 16 
16:21:46:590-<<<<-接收-68 00 10 87 04 01 00 01 06 00 04 00 55 66 66 66 66 66 04 03 6A 16 
16:33:18:119->>>>-发送-68 00 00 07 00 16 
16:33:21:048-<<<<-接收-68 00 1C 87 01 00 00 02 01 00 00 00 55 00 00 00 00 66 02 01 02 00 01 00 22 22 22 22 22 12 04 02 87 16 
16:33:23:069-<<<<-接收-68 00 28 87 02 00 00 03 03 00 01 00 55 33 33 33 33 66 04 02 04 00 01 00 22 44 44 44 44 12 04 02 05 00 01 00 22 55 55 55 55 12 04 02 79 16 
16:33:25:053-<<<<-接收-68 00 10 87 04 01 00 01 06 00 04 00 55 66 66 66 66 66 04 03 6A 16 
16:34:40:121->>>>-发送-68 00 00 07 00 16 
16:34:43:518-<<<<-接收-68 00 1C 87 01 00 00 02 01 00 00 00 55 00 00 00 00 66 02 01 02 00 01 00 22 22 22 22 22 12 04 02 87 16 
16:34:43:520-<<<<-接收-68 00 28 87 02 00 00 03 03 00 01 00 55 33 33 33 33 66 04 02 04 00 01 00 22 44 44 44 44 12 04 02 05 00 01 00 22 55 55 55 55 12 04 02 79 16 
16:34:43:524-<<<<-接收-68 00 10 87 04 01 00 01 06 00 04 00 55 66 66 66 66 66 04 03 6A 16 
16:35:03:725->>>>-发送-68 00 00 07 00 16 
16:35:04:626-<<<<-接收-68 00 1C 87 01 00 00 02 01 00 00 00 55 00 00 00 00 66 02 01 02 00 01 00 22 22 22 22 22 12 04 02 87 16 
16:35:04:649-<<<<-接收-68 00 28 87 02 00 00 03 03 00 01 00 55 33 33 33 33 66 04 02 04 00 01 00 22 44 44 44 44 12 04 02 05 00 01 00 22 55 55 55 55 12 04 02 79 16 
16:35:04:657-<<<<-接收-68 00 10 87 04 01 00 01 06 00 04 00 55 66 66 66 66 66 04 03 6A 16 
16:35:51:487->>>>-发送-68 00 00 07 00 16 
16:35:52:239-<<<<-接收-68 00 1C 87 01 00 00 02 01 00 00 00 55 00 00 00 00 66 02 01 02 00 01 00 22 22 22 22 22 12 04 02 87 16 
16:35:52:263-<<<<-接收-68 00 28 87 02 00 00 03 03 00 01 00 55 33 33 33 33 66 04 02 04 00 01 00 22 44 44 44 44 12 04 02 05 00 01 00 22 55 55 55 55 12 04 02 79 16 
16:35:52:266-<<<<-接收-68 00 10 87 04 01 00 01 06 00 04 00 55 66 66 66 66 66 04 03 6A 16 
16:41:32:878->>>>-发送-68 00 00 07 00 16 
16:41:33:667-<<<<-接收-68 00 1C 87 01 00 00 02 01 00 00 00 55 00 00 00 00 66 02 01 02 00 01 00 22 22 22 22 22 12 04 02 87 16 
16:41:33:690-<<<<-接收-68 00 28 87 02 00 00 03 03 00 01 00 55 33 33 33 33 66 04 02 04 00 01 00 22 44 44 44 44 12 04 02 05 00 01 00 22 55 55 55 55 12 04 02 79 16 
16:41:33:693-<<<<-接收-68 00 10 87 04 01 00 01 06 00 04 00 55 66 66 66 66 66 04 03 6A 16 
16:42:14:755->>>>-发送-68 00 00 07 00 16 
16:42:16:718-<<<<-接收-68 00 1C 87 01 00 00 02 01 00 00 00 55 00 00 00 00 66 02 01 02 00 01 00 22 22 22 22 22 12 04 02 87 16 
16:42:16:741-<<<<-接收-68 00 28 87 02 00 00 03 03 00 01 00 55 33 33 33 33 66 04 02 04 00 01 00 22 44 44 44 44 12 04 02 05 00 01 00 22 55 55 55 55 12 04 02 79 16 
16:42:16:765-<<<<-接收-68 00 10 87 04 01 00 01 06 00 04 00 55 66 66 66 66 66 04 03 6A 16 
16:44:37:514->>>>-发送-68 00 00 07 00 16 
16:44:39:921-<<<<-接收-68 00 1C 87 01 00 00 02 01 00 00 00 55 00 00 00 00 66 02 01 02 00 01 00 22 22 22 22 22 12 04 02 87 16 
16:44:39:943-<<<<-接收-68 00 28 87 02 00 00 03 03 00 01 00 55 33 33 33 33 66 04 02 04 00 01 00 22 44 44 44 44 12 04 02 05 00 01 00 22 55 55 55 55 12 04 02 79 16 
16:44:39:947-<<<<-接收-68 00 10 87 04 01 00 01 06 00 04 00 55 66 66 66 66 66 04 03 6A 16 
16:45:27:412->>>>-发送-68 00 00 07 00 16 
16:45:29:847-<<<<-接收-68 00 1C 87 01 00 00 02 01 00 00 00 55 00 00 00 00 66 02 01 02 00 01 00 22 22 22 22 22 12 04 02 87 16 
16:45:29:871-<<<<-接收-68 00 28 87 02 00 00 03 03 00 01 00 55 33 33 33 33 66 04 02 04 00 01 00 22 44 44 44 44 12 04 02 05 00 01 00 22 55 55 55 55 12 04 02 79 16 
16:45:29:896-<<<<-接收-68 00 10 87 04 01 00 01 06 00 04 00 55 66 66 66 66 66 04 03 6A 16 
16:57:03:828->>>>-发送-68 00 00 07 00 16 
16:57:06:286-<<<<-接收-68 00 1C 87 01 00 00 02 01 00 00 00 55 00 00 00 00 66 02 01 02 00 01 00 22 22 22 22 22 12 04 02 87 16 
16:57:06:335-<<<<-接收-68 00 28 87 02 00 00 03 03 00 01 00 55 33 33 33 33 66 04 02 04 00 01 00 22 44 44 44 44 12 04 02 05 00 01 00 22 55 55 55 55 12 04 02 79 16 
16:57:06:344-<<<<-接收-68 00 10 87 03 00 00 01 06 00 04 00 55 66 66 66 66 66 04 03 68 16 
16:57:06:368-<<<<-接收-68 00 10 87 04 00 00 01 07 00 06 00 55 66 66 66 66 66 04 04 6D 16 
16:57:06:373-<<<<-接收-68 00 10 87 05 00 00 01 08 00 06 00 55 66 66 66 66 66 04 05 70 16 
16:57:06:399-<<<<-接收-68 00 10 87 06 00 00 01 09 00 06 00 55 66 66 66 66 66 04 06 73 16 
16:57:06:464-<<<<-接收-68 00 10 87 07 00 00 01 0A 00 06 00 55 66 66 66 66 66 04 07 76 16 
16:57:06:490-<<<<-接收-68 00 10 87 08 01 00 01 0B 00 06 00 55 66 66 66 66 66 04 08 7A 16 
16:57:49:079->>>>-发送-68 00 00 07 00 16 
16:57:50:801-<<<<-接收-68 00 1C 87 01 00 00 02 01 00 00 00 55 00 00 00 00 66 02 01 02 00 01 00 22 22 22 22 22 12 04 02 87 16 
16:57:50:827-<<<<-接收-68 00 28 87 02 00 00 03 03 00 01 00 55 33 33 33 33 66 04 02 04 00 01 00 22 44 44 44 44 12 04 02 05 00 01 00 22 55 55 55 55 12 04 02 79 16 
16:57:50:850-<<<<-接收-68 00 10 87 03 00 00 01 06 00 04 00 55 66 66 66 66 66 04 03 68 16 
16:57:50:852-<<<<-接收-68 00 10 87 04 00 00 01 07 00 06 00 55 77 66 66 66 66 04 04 7E 16 
16:57:50:884-<<<<-接收-68 00 10 87 05 00 00 01 08 00 06 00 55 88 66 66 66 66 04 05 92 16 
16:57:50:909-<<<<-接收-68 00 10 87 06 00 00 01 09 00 06 00 55 99 66 66 66 66 04 06 A6 16 
16:57:50:935-<<<<-接收-68 00 10 87 07 00 00 01 0A 00 06 00 55 11 66 66 66 66 04 07 21 16 
16:57:50:959-<<<<-接收-68 00 10 87 08 01 00 01 0B 00 06 00 55 12 66 66 66 66 04 08 26 16 
16:58:49:340->>>>-发送-68 00 00 07 00 16 
16:58:50:882-<<<<-接收-68 00 1C 87 01 00 00 02 01 00 00 00 55 00 00 00 00 66 02 01 02 00 01 00 22 22 22 22 22 12 04 02 87 16 
16:58:50:906-<<<<-接收-68 00 28 87 02 00 00 03 03 00 01 00 55 33 33 33 33 66 04 02 04 00 01 00 22 44 44 44 44 12 04 02 05 00 01 00 22 55 55 55 55 12 04 02 79 16 
16:58:50:909-<<<<-接收-68 00 10 87 03 00 00 01 06 00 04 00 55 66 66 66 66 66 04 03 68 16 
16:58:50:942-<<<<-接收-68 00 10 87 04 00 00 01 07 00 06 00 55 77 66 66 66 66 04 04 7E 16 
16:58:50:970-<<<<-接收-68 00 10 87 05 00 00 01 08 00 07 00 55 88 66 66 66 66 04 05 93 16 
16:58:50:973-<<<<-接收-68 00 10 87 06 00 00 01 09 00 08 00 55 99 66 66 66 66 04 06 A8 16 
16:58:51:015-<<<<-接收-68 00 10 87 07 00 00 01 0A 00 09 00 55 11 66 66 66 66 04 07 24 16 
16:58:51:039-<<<<-接收-68 00 10 87 08 01 00 01 0B 00 0A 00 55 12 66 66 66 66 04 08 2A 16 
17:01:51:739->>>>-发送-68 00 00 07 00 16 
17:01:53:482-<<<<-接收-68 00 1C 87 01 00 00 02 01 00 00 00 55 00 00 00 00 66 02 01 02 00 01 00 22 22 22 22 22 12 04 02 87 16 
17:01:53:505-<<<<-接收-68 00 28 87 02 00 00 03 03 00 01 00 55 33 33 33 33 66 04 02 04 00 01 00 22 44 44 44 44 12 04 02 05 00 01 00 22 55 55 55 55 12 04 02 79 16 
17:01:53:508-<<<<-接收-68 00 10 87 03 00 00 01 06 00 04 00 55 66 66 66 66 66 04 03 68 16 
17:01:53:541-<<<<-接收-68 00 10 87 04 00 00 01 07 00 06 00 55 77 66 66 66 66 04 04 7E 16 
17:01:53:569-<<<<-接收-68 00 10 87 05 00 00 01 08 00 07 00 55 88 66 66 66 66 04 05 93 16 
17:01:53:572-<<<<-接收-68 00 10 87 06 00 00 01 09 00 08 00 55 99 66 66 66 66 04 06 A8 16 
17:01:53:605-<<<<-接收-68 00 10 87 07 00 00 01 0A 00 09 00 55 11 66 66 66 66 04 07 24 16 
17:01:53:629-<<<<-接收-68 00 10 87 08 00 00 01 0B 00 0A 00 55 13 66 66 66 66 04 08 2A 16 
17:01:53:655-<<<<-接收-68 00 10 87 09 00 00 01 0C 00 0B 00 55 14 66 66 66 66 04 08 2E 16 
17:01:53:678-<<<<-接收-68 00 10 87 0A 00 00 01 0D 00 0C 00 55 15 66 66 66 66 04 08 32 16 
17:01:53:714-<<<<-接收-68 00 10 87 0B 01 00 01 0E 00 0D 00 55 16 66 66 66 66 04 08 37 16 
17:02:37:765->>>>-发送-68 00 00 07 00 16 
17:02:39:271-<<<<-接收-68 00 1C 87 01 00 00 02 01 00 00 00 55 00 00 00 00 66 02 01 02 00 01 00 22 22 22 22 22 12 04 02 87 16 
17:02:39:316-<<<<-接收-68 00 28 87 02 00 00 03 03 00 01 00 55 33 33 33 33 66 04 02 04 00 01 00 22 44 44 44 44 12 04 02 05 00 01 00 22 55 55 55 55 12 04 02 79 16 
17:02:39:322-<<<<-接收-68 00 10 87 03 00 00 01 06 00 04 00 55 66 66 66 66 66 04 03 68 16 
17:02:39:345-<<<<-接收-68 00 10 87 04 00 00 01 07 00 06 00 55 77 66 66 66 66 04 04 7E 16 
17:02:39:370-<<<<-接收-68 00 10 87 05 00 00 01 08 00 07 00 55 88 66 66 66 66 04 05 93 16 
17:02:39:395-<<<<-接收-68 00 10 87 06 00 00 01 09 00 08 00 55 99 66 66 66 66 04 06 A8 16 
17:02:39:419-<<<<-接收-68 00 10 87 07 00 00 01 0A 00 09 00 55 11 66 66 66 66 04 07 24 16 
17:02:39:442-<<<<-接收-68 00 10 87 08 00 00 01 0B 00 0A 00 55 13 66 66 66 66 04 08 2A 16 
17:02:39:467-<<<<-接收-68 00 10 87 09 00 00 01 0C 00 0B 00 55 14 66 66 66 66 04 09 2F 16 
17:02:39:490-<<<<-接收-68 00 10 87 0A 00 00 01 0D 00 0C 00 55 15 66 66 66 66 04 0A 34 16 
17:02:39:514-<<<<-接收-68 00 10 87 0B 01 00 01 0E 00 0D 00 55 16 66 66 66 66 04 0B 3A 16 
17:03:12:724->>>>-发送-68 00 00 07 00 16 
17:03:14:293-<<<<-接收-68 00 1C 87 01 00 00 02 01 00 00 00 55 00 00 00 00 66 02 01 02 00 01 00 22 22 22 22 22 12 04 02 87 16 
17:03:14:338-<<<<-接收-68 00 28 87 02 00 00 03 03 00 01 00 55 33 33 33 33 66 04 02 04 00 01 00 22 44 44 44 44 12 04 02 05 00 01 00 22 55 55 55 55 12 04 02 79 16 
17:03:14:341-<<<<-接收-68 00 10 87 03 00 00 01 06 00 04 00 55 66 66 66 66 66 04 03 68 16 
17:03:14:365-<<<<-接收-68 00 10 87 04 00 00 01 07 00 06 00 55 77 66 66 66 66 04 04 7E 16 
17:03:14:390-<<<<-接收-68 00 10 87 05 00 00 01 08 00 07 00 55 88 66 66 66 66 04 05 93 16 
17:03:14:415-<<<<-接收-68 00 10 87 06 00 00 01 09 00 08 00 55 99 66 66 66 66 04 06 A8 16 
17:03:14:439-<<<<-接收-68 00 10 87 07 00 00 01 0A 00 09 00 55 11 66 66 66 66 04 07 24 16 
17:03:14:462-<<<<-接收-68 00 10 87 08 00 00 01 0B 00 0A 00 55 13 66 66 66 66 04 08 2A 16 
17:03:14:486-<<<<-接收-68 00 10 87 09 00 00 01 0C 00 0B 00 55 14 66 66 66 66 04 09 2F 16 
17:03:14:509-<<<<-接收-68 00 10 87 0A 00 00 01 0D 00 0C 00 55 15 66 66 66 66 04 0A 34 16 
17:03:14:532-<<<<-接收-68 00 10 87 0B 01 00 01 0E 00 0D 00 55 16 66 66 66 66 04 0B 3A 16 
17:25:56:144->>>>-发送-68 00 00 07 00 16 
